1484352
806553152
2904206080
9829074
6387333
75457904640
1302
1703511.75
1076657.875
1666741.25
1261447936
-373385.875
1666741.25
1261447936
364432.59375
1666741.25
1261447936
1102251
1484352
617392128
1254406272
1355156.25
-2041648.125
6189064704
323068.625
-1862043.125
-172957.5
323068.625
-1862043.125
564860.9375
323068.625
-1862043.125
1302679.375
1349092.375
-1994808.375
2721106688
2096144.875
239704448
7451200000
1071339.375
696323328
-670304
-23177.603515625
462525.15625
179604.9375
1366945
1008160256
204126560
15256.6337890625
557171.625
232447.796875
1023446.4375
696431872
1312618
2154117
293443520
3315873280
2004901.125
-43298.0625
6721346048
169605.78125
-601238.25
-854525.5
834217.125
-23370.0625
380560832
184033.28125
-667227.875
1381728.125
1991821.875
-22970.375
3050685696
1848861
440424.625
5985064448
148797.390625
271251.65625
-594192
813411.75
460352.625
380575200
163227.921875
205287.5625
1179590.25
1835781.75
460752.3125
2751167232
1582363.5
169182656
5173657600
383518.90625
296395264
375564.71875
22913.296875
4513796
-241878.90625
820637.0625
587494464
204309776
421593.5625
4997896.5
1141915
-337182.03125
4009656.5
231778.203125
1641006.75
254368896
2389229824
1097097.25
629169.625
4437649408
232851.625
935008.75
285522.375
236198.890625
839539.5
547315.375
252384.96875
692168.1875
595622.125
252384.96875
692168.1875
643928.875
731916.9375
559403
350452256
1013783
487415.8125
4045615104
221743.0625
793254.9375
392003
225090.3125
697785.6875
619025.625
241276.40625
550414.375
597791.75
241276.40625
550414.375
576557.875
1005002.625
417649.125
614829056
355886.125
3845338.25
-1409100
333651.625
4131506
-1059279.875
336594.625
4014899.5
-475641.25
352780.71875
3867528
416974.875
353185
3888665
1409900
1095516.875
3755900
1814988928
754244
-13979252
8183368.5
121444.96875
4493636.5
1392075
1844316.875
4648516.5
3388438528
2246400
-17233134
3381431552
433363.78125
442846720
469709.21875
1423419.75
589067392
-64880.78125
4051478
41241080
13608677376
-4105.828125
1582374.5
427255.625
10381.09375
1425683.625
596217.9375
-923071.125
136190.828125
-4105.828125
1582374.5
427255.625
1195452.75
-4105.828125
1582374.5
427255.625
-4530.84375
1473044.125
402619.34375
-3291278.25
-3291278.25
-923071.125
5116.6328125
1585617.125
608012.5625
-3291278.25
136190.828125
5116.6328125
1585617.125
608012.5625
-3291278.25
1195452.75
5116.6328125
1585617.125
608012.5625
-3291278.25
4317.2734375
1472523.25
575080.8125
-2232016.25
-77770096
-11843673
5234748
1938219264
1850136832
116254.140625
-2232016.25
-1377040.5
1466341
1089427584
1844741
-2232016.25
136190.828125
-1657608.875
-47364472
11257090
8167651328
1851098880
130822.546875
-2232016.25
1498099.125
1475706.75
1089430144
-452246.125
-2232016.25
74448736
-14469084
5924960
2368890624
1852053248
116254.140625
-862276.125
-15931362
80595.71875
856407.625
1019752.25
629362112
303397.375
-862276.125
-1020116.625
-862276.125
149071.484375
-2856981
79911.6171875
856638.5625
1021218
518265824
338593.75
-862276.125
1201340.875
-862276.125
10211253
80595.71875
856407.625
1019752.25
407149856
303397.375
0
-15931362
34855.3984375
856407.625
630959.5625
629362112
303397.375
0
-775384.75
0
153219.71875
-2856981
34171.30859375
856638.5625
632425.25
518265824
338593.75
0
988963.75
0
10211253
34855.3984375
856407.625
630959.5625
407149856
303397.375
556348.1875
646984.375
228419952
337464832
556348.1875
-639328.9375
459798.25
400145472
1154437
556348.1875
-375299.3125
556348.1875
152760.015625
864393.0625
799835392
278015840
556348.1875
680819.3125
556348.1875
856811.875
348180544
218420992
921031
168461.34375
90938.28125
1597753.125
921031
-505786.5
141187.109375
398243.09375
1254746
921031
-287236.8125
138874.796875
302773.875
1150840.75
921031
149862.671875
160316.203125
134265.40625
808887.625
921031
586962.125
155060.90625
155402.53125
373255.25
921031
159680.96875
21171.59375
308.0625
1161748.5
168461.34375
-297854.4375
1597753.125
1161748.5
-405627.4375
146846.65625
9450.4375
1413213.75
1161748.5
-221847.984375
144130.09375
-107155.9375
1197680.375
1161748.5
145710.8125
160316.203125
-254527.3125
808887.625
1161748.5
513269.625
160316.203125
-254527.3125
420094.96875
1161748.5
159680.96875
-367621.125
308.0625
1558320.75
5429068
7373988352
8564.7890625
-910372.75
1297210.875
188635.15625
5734907.5
-1502594.5
146846.65625
-379342.375
1413213.75
186322.84375
5639438
-782718.25
144130.09375
-495948.8125
1197680.375
202508.9375
5492067
498690.75
160316.203125
-643320
808887.625
202508.9375
5492067
1780099.5
160316.203125
-643320
420094.96875
1964260.5
5359301.5
1109440768
159680.96875
-756413.8125
308.0625
1736640
16952034
3904018432
3001.90625
-19703346
10794463
564688.1875
516692.90625
690658.0625
214232.34375
6715317
1959704.375
165975.78125
-1190580.375
420095
875620.375
6640710.5
983366144
159680.96875
-1145206.5
308.0625
1555604.25
7863960.5
1792611072
154237
-24075984
-7085503.5
686532.5
599438720
800461.0625
1240432.75
800602304
324158.3125
836587.5
294756224
292812032
-23177.603515625
462525.15625
179604.9375
1751443
1242713600
293256832
61026.53125
646680.0625
158467.796875
916078.5
360143872
293647360
161675.125
-27172096
1843295.5
160746.25
-27177024
-476308.6875
160285.4375
521978.375
28370592
160316.25
524909.8125
28378656
160285.4375
521978.375
28370592
165340.5625
502306.9375
28415648
165571.5625
503772.65625
28425504
165340.5625
502306.9375
28415648
-4993531
-6184352.5
25629304832
8953.6875
64361504
86625440
1736.2060546875
656736.1875
158467.796875
140782.84375
117033120
1794776.375
168459.3125
225107328
26950592
-112714.359375
778396.8125
158467.796875
165744.8125
120454656
-33011168
8953.65625
2197975.25
2164653.5
141187.09375
2709334
1895085.25
138874.8125
2613864.75
1660564.75
160316.21875
2445356.5
1057381.375
155060.90625
2466493.75
360518.5
159680.96875
2332262.75
-273659.125
8445.890625
1519585.875
2065233.875
147678.953125
2047659
2053553
144130.125
1942704.75
1707404.375
160316.21875
1795333.5
1057381.375
160316.21875
1795333.5
407358.21875
159680.96875
1682239.75
-273659.125
93298200
-9061621
22169833472
-2005031.625
-2005031.625
-1055479
168288.0625
734085.125
-841855.125
8780.375
878257.625
1749190
376456.5625
268070.625
435184.4375
-2005031.625
-525847.875
303637.8125
846712.6875
688022.25
144130.125
1292681.625
1707404.375
443823.84375
1156734.5
767226.25
-2005031.625
533414.0625
281484.1875
399911.4375
630354
160316.21875
1145310.375
1057381.375
-2005031.625
1592676
160316.21875
1145310.375
407358.21875
-2005031.625
159680.96875
1032216.5
-273659.125
225764.6875
-28323322
2276149248
142020.796875
2163734.5
281980.1875
325483.46875
1802347.5
162755.6875
325887.71875
1755508
342360.65625
219487.65625
-28441.4375
1780396.875
166380.03125
1505023.5
335634.9375
-945769.625
1592676
165975.78125
336819.375
407358.1875
-945769.625
159680.96875
1450088.5
-366519.5625
159680.96875
382193.375
-273659.125
113492.34375
678081
1786944.375
8680197
181291.875
169086048
1198229.25
191787.875
225535744
362734.71875
170330
-8408544
73544768
154473
-35068800
13498912
143516
-10424704
-46559104
-43114916
123341656
31265898496
2167.5
3692287.5
1466638.25
1238.609375
3687335.75
-303065.21875
777.71875
2848371.5
1993749.25
808.515625
2851303
701775.875
777.71875
2848371.5
-606343.25
5443.984375
2159005.25
1942316.5
6063.828125
2180142.5
748615.625
5832.84375
2178676.75
-561287.75
325483.46875
3349902
678736.125
159911.96875
3652951.75
596873.5
168288.0625
2150207
311935.8125
300697.3125
3772347.5
542034.1875
303637.8125
3655741.25
678736.1875
160316.21875
3606112
776478.5
159680.96875
3493018.25
745484.25
328237.875
3466508.5
701491.25
303637.8125
3655741.25
678736.1875
319823.90625
3508369.75
678736.1875
319188.65625
3395276
647742
328065.71875
3502025.75
616304.375
319619.8125
3476944.5
576961.5
319015.375
3369568.5
551253.875
186215.9375
2216159.25
270650.8125
1736.2060546875
656736.1875
158467.796875
3525.0625
1758353.75
1607456.75
8951.59375
1835208
811909.625
-112714.359375
778396.8125
158467.796875
6237.09375
1628962.5
-540150.625
9184.640625
1108330.75
1765924.5
-20632.890625
1318700.75
1372936.125
808.515625
1150192.25
769752.75
-4446.796875
1171329.25
72889.90625
173.28125
1037098.375
-561287.75
8780.375
437170.46875
1665615.625
-15377.578125
647540.375
1419775.875
808.515625
500169.03125
769752.75
808.515625
500169.03125
119729.625
173.28125
387075.25
-561287.75
1291925.625
-13198165
-21116124
1166367.25
1676570.5
-21129318
852451.25
2628096.25
-11487010
296687.53125
263205.375
-435869.4375
213423.84375
29717.375
699997.75
907200
9891545
-11571560
1153248
10646838
-1868282
348547.09375
1208375.125
-43569.125
351490.09375
1091768.75
623392.625
881280
909374.5
244760256
1166367.25
20064348
-1984476
852451.25
19131780
7657834
299404.0625
2498335.75
114898.6875
351490.09375
2151030.75
623392.625
1709048.125
1870894.25
483873792
907200
164010224
7573284
813167.25
382291008
-27684.5625
1124207.25
600971264
501946.5
1736640
674281600
244573936
885267.6875
509871808
838360.75
-945769.625
-525847.9375
-21441.40625
2044894.5
337103.09375
165975.78125
336819.375
1707404.5
6468.078125
-308321.84375
1419775.875
-945769.625
533414.0625
2508.0673828125
378392.9375
0
2462085.25
265960.28125
0
159507.71875
362521.9375
935935.25
808.515625
-149854.0625
769752.75
808.515625
-149854.0625
119729.625
173.28125
-262947.875
-561287.75
8799.765625
-73561.96875
229143.375
-10122.25
2203362
495570.875
9184.625
1967289.75
537845.1875
-18320.59375
2273129
379377.40625
-10122.25
2203362
495570.875
8780.375
-73561.96875
228600.203125
-12661.03125
2273129
537845.1875
-15377.5625
2156522.5
516708
808.53125
2009151.25
516708.0625
518573.3125
6419978
8777940
26722.5
3308903.5
488141.9375
-132672.1875
4993860.5
463699.8125
72978.234375
4508873
558323.8125
481818.1875
11953851
8681451
202892.96875
3947156.5
27858.125
113492.34375
1592676.125
166380.03125
-212894.6875
428495.375
6872.328125
-858036.125
140866.78125
159680.96875
-267829.75
-273659.0625
173.28125
-912971.0625
-561287.75
4825707
334119.28125
1728000
4536.75
3244802304
31992
21784.171875
1988139.5
910600.625
32280.1875
2263669
75106.125
10822.375
3719313.25
1942316.5
-5034.578125
3685543.25
648306.625
-15991.703125
3670006
-657775.875
165571.53125
-334340.8125
1607095.625
159911.96875
-107896.25
877776.375
163032.75
-846620.5625
1245062.25
144130.125
-657387.9375
1057381.375
160316.21875
-804759.0625
407358.21875
159680.96875
-917852.9375
-273659.0625
8780.375
1621141.125
586112.9375
144130.125
-1307411
1057381.375
160316.21875
-1454782.25
407358.21875
159680.96875
-1567876
-273659.0625
165556.125
-2288662.25
955606.6875
160112.125
-2136230.5
305583.5
159507.6875
-2243606.5
-370147.1875
-1465410.125
142862.875
-19523712
1736.2060546875
656736.1875
158467.796875
-112714.359375
778396.8125
158467.796875
113492.34375
-525847.9375
113492.34375
533414.0625
1172754.375
3783.09375
1172754.375
533414.0625
1172754.375
2232016.25
3783.09375
2232016.25
533414.0625
2232016.25
3783.09375
533414.0625
62818576
1008790.125
6063.828125
413424.53125
481401.40625
6063.828125
639869.0625
560573.1875
4825707
-1933526.25
1728000
4539828
3244802304
31992
4514145.5
-4201171.5
979200
9075120
1742295296
31992
6872.328125
534870.625
602847.5
173.28125
479935.6875
550716.125
3622655
-38198.4453125
1555200
707968.875
1639795712
28792.80078125
388.859375
409172.5
321467.90625
6279.40625
633832.875
560573.1875
3120.8125
530030.875
344070.75
-15377.578125
740400.75
581710.375
808.515625
593029.4375
581710.375
173.28125
479935.65625
550716.125
6468.078125
434561.625
581710.375
808.515625
593029.4375
581710.375
173.28125
479935.65625
550716.125
6048.421875
409172.53125
479935.65625
604.4375
561604.0625
479935.6875
0
454227.96875
454228.03125
3622655
-38198.4453125
1555200
707968.875
1639795712
28792.80078125
1919173.5
254688.015625
1503360
398225472
818924544
28792.80078125
416138.625
416138.625
