34
7
3
10
6
7
8
0
28
10
24
0
131
29
31
253
18
18
19
40
71
175
82
143
0
52
54
57
30
30
64
0
34
35
70
74
37
78
0
81
0
289
86
90
46
0
144
48
99
0
51
247
54
0
165
56
116
0
254
121
0
62
128
127
0
66
139
0
69
142
137
1063
0
149
76
251
77
322
158
80
162
165
84
321
346
106
87
267
89
211
314
93
0
378
95
194
98
0
100
202
0
200
103
262
0
183
479
108
220
111
0
379
113
114
116
338
117
284
239
757
405
566
247
125
126
200
492
0
421
0
355
509
134
135
136
0
274
138
139
420
0
373
33
374
503
0
147
483
149
150
305
0
634
153
352
157
0
317
0
322
177
324
332
0
165
334
168
165
169
339
171
516
345
175
175
529
358
357
180
237
574
183
0
616
408
60
515
0
190
190
192
192
222
388
196
397
617
398
200
0
443
611
0
432
204
413
248
0
592
0
437
213
213
434
0
216
673
218
436
221
182
740
458
234
419
227
205
379
386
231
0
232
707
329
474
237
238
239
240
0
484
0
606
406
491
0
247
744
250
0
501
252
253
509
256
257
258
259
259
1074
0
876
263
264
265
267
534
269
330
270
543
272
561
274
551
0
613
557
280
327
281
585
567
854
0
866
0
615
290
581
0
878
294
0
591
297
816
0
608
582
302
633
911
335
305
621
0
618
0
2593
580
942
326
1655
0
316
638
299
638
655
322
317
594
325
974
0
1149
658
0
864
648
1926
1599
669
611
337
675
678
678
682
342
0
343
344
692
346
1044
726
350
702
703
704
354
726
355
719
746
757
1098
361
0
362
364
365
365
733
368
736
370
1383
742
760
0
748
756
376
378
758
0
1459
744
386
767
385
746
759
1131
0
779
366
761
784
394
789
395
844
795
399
399
844
803
417
807
405
405
1313
1231
408
824
411
416
825
414
414
416
1240
839
839
839
421
422
0
1277
0
425
883
428
1287
430
878
1295
890
425
1727
0
1309
438
891
886
881
887
431
1785
0
892
0
1819
0
450
450
452
905
0
910
456
404
914
917
919
461
464
925
926
1406
0
932
1598
937
470
470
1429
945
484
474
1448
936
506
966
0
480
962
482
484
0
971
950
1928
489
2060
472
1455
1004
987
485
1487
0
498
499
0
1756
503
1504
504
1283
685
981
1015
509
509
1046
511
512
513
514
1545
1032
517
519
0
1044
1047
1870
524
525
526
527
528
566
1060
0
1069
543
1069
1663
563
536
1071
538
1079
541
564
1601
0
1089
1102
0
1616
548
1100
550
552
553
550
555
1102
1652
567
1116
1685
517
1129
0
564
539
1089
1624
0
2717
2106
1158
571
1189
573
1807
1151
1185
1733
579
580
1769
1224
582
583
584
586
586
1765
1220
590
643
1218
1185
607
1177
596
1193
598
1189
1198
1201
1249
0
604
584
1211
0
607
3027
1217
0
1224
613
0
1230
616
628
1262
1255
619
1862
0
623
1244
0
1252
627
1275
1257
630
1279
631
1868
634
635
0
1277
1877
1289
644
1280
642
643
0
1277
645
1300
609
1297
650
2720
1154
653
1271
655
656
0
1315
659
1318
2129
662
663
663
1993
1332
666
1334
668
669
2263
1343
673
3415
690
675
1352
678
1357
679
1400
681
1390
683
684
1533
686
1521
688
689
691
0
1384
693
1564
748
2089
2095
0
1409
701
702
703
703
2948
1450
706
1503
1375
2838
710
1426
1536
757
715
2145
716
2315
719
833
1442
0
723
724
725
726
0
1460
1521
1466
1465
1463
0
1468
734
1472
736
1479
1477
1479
1581
742
0
1106
2276
745
3056
0
1438
0
750
2514
752
1507
2403
755
1531
2314
1657
0
1569
1523
1527
1581
2145
1555
1544
1536
0
1542
1542
0
773
880
1547
2225
777
807
779
1559
844
1627
1566
0
1635
785
1492
788
814
790
790
1590
792
794
794
2414
905
1655
0
1599
1642
818
1606
0
805
1610
2440
2430
1702
0
1639
812
812
1683
1629
815
1633
3876
819
0
821
821
3371
4300
0
1651
2437
828
1602
2471
0
1741
833
1621
848
1739
684
1675
1683
781
1634
1616
842
1501
692
845
1709
1633
1528
1699
1760
1710
1774
1707
855
855
857
858
0
2385
1705
2484
810
863
2630
1732
866
868
0
869
3506
1748
872
874
2619
1633
875
878
879
0
881
1773
1766
0
1708
2444
1777
815
1789
1800
1783
1717
893
2535
895
1783
1793
898
899
0
1801
1595
1827
0
1810
0
1814
789
2659
843
2733
1680
2738
0
1830
818
1834
918
0
1838
921
1590
0
1847
1406
926
2585
928
929
930
931
932
0
1866
2802
1971
1921
1875
1997
2901
0
2824
0
943
1888
945
1965
1903
1928
0
950
951
1989
1907
3832
955
2869
1916
959
0
2882
0
963
963
1928
1965
1969
2001
1938
0
1940
2017
1945
973
975
976
2966
2973
0
1952
1961
0
1964
2021
1990
986
1984
987
2065
989
990
3180
0
993
3040
0
996
3109
2004
1000
1000
4055
1033
3074
0
1005
2014
0
1008
4038
1011
0
2024
4005
2393
1067
1016
1017
1018
3127
0
1021
3082
2047
0
2057
0
4212
2058
1031
2062
1031
1033
3106
1034
3178
1037
1039
1990
0
1040
2084
993
1043
2109
1046
3141
2028
0
1050
1051
1052
1053
1069
1055
1055
1057
1057
4456
4263
1061
1074
1063
3218
1043
2934
1067
2083
3147
1070
1018
2144
1084
1074
0
1075
4125
2156
7329
1080
0
2163
2061
2167
1073
1086
2174
3106
3057
2109
0
3050
1079
2188
1049
1096
3247
2044
2220
2225
2214
1101
2205
1103
4420
0
1107
1108
1109
1110
1131
1111
1112
1113
1114
2237
2624
3354
0
2239
0
1121
3006
0
3374
0
2240
0
3358
1122
2262
1112
1132
2320
1135
1135
2273
1137
1138
1139
2299
2284
0
1143
3432
1146
0
3442
1149
0
2308
2303
0
3480
2309
2311
1157
2314
2317
1160
2336
1161
3494
1164
0
2332
1138
2344
1168
2347
2343
2309
3528
1139
3522
2320
2353
0
3843
1180
1148
1181
5007
3533
1185
0
2355
2375
0
1190
1191
1192
1193
1194
3595
1195
2394
1198
1200
2399
1200
1202
2402
2407
1205
2417
2419
2415
0
2425
2436
1212
2443
3642
1215
2434
1217
1218
1219
1219
2452
1221
3671
2597
1225
3660
1227
2456
0
1230
2453
0
2476
2518
2469
1239
1236
2474
2478
0
1240
2485
0
2479
2488
2491
0
2539
1248
2522
1251
0
2519
2507
3761
2512
0
1257
1258
1259
2550
1261
2526
0
2530
0
1266
1268
2546
0
2234
3824
1272
2548
0
1276
1276
2548
1249
3825
2537
2570
2566
0
3848
0
3809
2547
2566
0
2549
2554
0
1293
2590
1296
2590
1297
2659
5267
1300
2646
2605
1303
3960
1305
2614
1308
2657
2645
1310
2645
2661
2627
1314
4002
3985
2635
1319
1320
2641
1351
1323
1323
1324
1325
1326
2676
0
2658
2661
1332
1333
0
4017
0
2673
0
4017
1324
2705
0
2668
2681
2694
4040
0
2694
1349
1349
1350
2703
2703
1353
1355
1354
2714
2733
2718
0
1361
2722
1363
1363
4072
1366
1367
1340
2747
2742
4048
4057
1357
4124
0
1376
5398
2693
4102
1310
4084
1381
2765
1384
1384
4156
1387
1388
1411
1389
2780
1391
2786
1394
1395
0
2792
2794
2797
1400
0
2820
2805
0
2809
4569
1407
2814
2843
4234
1411
1411
2827
0
2828
1416
0
1417
4292
1427
2845
5710
0
1424
2875
1438
4289
2877
0
2858
2865
4147
0
2877
2875
0
2873
2835
2889
2855
0
2847
2894
2883
4305
2836
4285
1399
1449
1449
1451
0
4292
1453
1454
4367
1456
5612
2982
2919
1461
1462
1462
2928
1465
1465
5277
2935
2947
1469
4072
2943
1473
2955
5968
0
2953
1478
0
2630
3020
1480
1483
1483
2987
0
2973
1498
1488
3042
2983
2675
2992
2987
1489
4485
0
3009
1499
0
3011
1501
3005
1504
1505
0
1507
1476
4130
3026
2636
2991
3091
4473
3030
1516
0
3056
1518
1519
3041
1522
1522
3048
0
3052
3054
1528
1529
1530
0
3062
3065
4620
0
1536
1536
3085
3083
1539
3082
1542
1559
3102
0
4653
3098
4619
3103
0
3101
0
1553
1554
0
3110
4259
1557
1559
1559
1561
4465
1520
3127
0
3613
3133
1568
1568
1569
1571
1569
4718
0
1575
1574
3155
0
1578
4290
1580
1581
1582
1584
3168
1586
1586
3177
1889
1589
1591
1590
3185
3175
1922
0
3192
1597
3181
1599
3204
1602
1603
4812
1605
1605
3893
3216
0
3219
1611
1611
3208
