1
1
1
1
-0.900835156440735
-0.358996540307999
1
1
1
1
0.206315726041794
1.57563078403473
1.5466970205307
1.17743027210236
1
1
3.87428045272827
4.34013223648071
1
0.077777773141861
0.077777773141861
-0.874375402927399
0.549645602703094
1
1
-1.63909256458282
0.8579381108284
2.02894353866577
1.87966644763947
1
1
3.58556747436523
3.67026710510254
-0.200000002980232
0.133333340287209
-1.49011611938477e-08
0.00974026508629322
0.371691644191742
1
1
-1.21819591522217
1.7596697807312
3.63654804229736
0.330517888069153
1
1
5.9737982749939
4.4856538772583
-0.200000002980232
0.133333340287209
-1.49011611938477e-08
-0.357555419206619
-3.59757995605469
1
1
0.300958603620529
0.652458190917969
2.285160779953
-6.25543642044067
1
1
8.37759208679199
4.18210887908936
-0.200000002980232
0.133333340287209
-1.49011611938477e-08
1
1
1
1
2.20845317840576
3.59015870094299
1
1
1
1
13.647271156311
14.2245569229126
1.66533453693773e-15
0.144444450736046
0.144444450736046
1
1
-0.734820067882538
-0.714892089366913
1
1
0.51983380317688
0.464466512203217
-1.35365474224091
-0.656991362571716
0.434089958667755
2.20745611190796
-0.200000002980232
-1.49011603056692e-08
0.133333340287209
-1.5069739818573
1.01653814315796
-2.04326581954956
0.296045660972595
-2.00879454612732
1.98376429080963
-3.46816778182983
1.2887396812439
2.98023206113385e-08
-1.49011647465613e-08
-1.49011611938477e-08
-0.994112312793732
1.55068182945251
-2.3343563079834
2.86233401298523
-0.835241913795471
2.18221282958984
-2.9967041015625
4.5294623374939
2.98023223876953e-08
-1.49011647465613e-08
-1.49011611938477e-08
-0.255537927150726
-0.509878516197205
-1.06007385253906
1.58319747447968
0.248625755310059
-3.45723581314087
-0.221779778599739
2.72891426086426
2.98023223876953e-08
-1.49011611938477e-08
-1.49011611938477e-08
1
1
2.43257021903992
5.5317268371582
1
1
5.69725608825684
9.37698554992676
0.200000032782555
-1.49011611938477e-08
0.133333340287209
1
1
0.259941071271896
-1.80428349971771
1
1
1.25009381771088
-0.136094450950623
-0.922374963760376
-2.89840793609619
1.30472707748413
0.233308300375938
-0.200000002980232
-1.49011629702045e-08
0.133333340287209
-1.79607319831848
0.153554543852806
-1.21196615695953
-2.67783570289612
-3.44226288795471
1.69153010845184
-4.40940427780151
-2.10014772415161
2.98023188349816e-08
-1.49011647465613e-08
-1.49011611938477e-08
-1.78712785243988
2.40576195716858
-4.30640077590942
3.80019330978394
-3.10833668708801
4.04143905639648
-6.90264177322388
6.03983640670776
2.98023223876953e-08
-1.49011665229182e-08
-1.49011611938477e-08
-1.5362229347229
1.7287654876709
-2.1021363735199
3.15314102172852
-0.61700427532196
0.739767909049988
-4.0646915435791
5.78443288803101
2.9802325940409e-08
-1.49011611938477e-08
-1.49011611938477e-08
1
1
0.473735690116882
6.90906286239624
1
1
2.7504734992981
12.0492267608643
0.200000032782555
-1.49011585293124e-08
0.133333340287209
1
1
0.694496214389801
-1.67910099029541
1
1
1.56215929985046
0.639334917068481
0.729234457015991
-3.68914985656738
2.83541631698608
0.219583496451378
-0.200000002980232
-1.49011611938477e-08
0.133333340287209
2.99751758575439
-1.94398379325867
3.46965932846069
-4.00244951248169
0.0225954614579678
-2.72545099258423
2.07623767852783
-6.8229866027832
2.98023206113385e-08
-1.49011611938477e-08
-1.49011611938477e-08
-1.69204354286194
-0.486400425434113
2.68719220161438
-2.75931835174561
-7.18703365325928
5.9201512336731
-6.80378389358521
2.32624769210815
2.98023206113385e-08
-1.49011611938477e-08
-1.49011611938477e-08
-7.73173332214355
6.27094221115112
-13.0028562545776
6.84253787994385
-1.46793568134308
3.72829675674438
-9.18313217163086
10.693229675293
2.98023223876953e-08
-1.49011665229182e-08
-1.49011611938477e-08
1
1
-9.44690704345703
10.1823997497559
1
1
-1.60374212265015
15.4247198104858
0.200000032782555
-1.49011629702045e-08
0.133333340287209
1
1
1
1
1
1
1
1
2.42836618423462
-0.0887078121304512
5.65854263305664
4.55975198745728
1.66533453693773e-15
0.144444450736046
0.144444450736046
1
1
1
1
5.41268825531006
-2.2457103729248
7.82098770141602
-2.652503490448
0.200000032782555
0.133333325386047
-1.49011611938477e-08
1
1
1
1
8.8687744140625
-1.37578809261322
13.9586353302002
-3.05407571792603
0.200000032782555
0.133333325386047
0
1
1
1
1
-3.31970953941345
5.93508148193359
6.60695219039917
-2.44120168685913
0.200000032782555
0.133333325386047
0
1
1
1
1
1
1
-9.9688081741333
22.4369087219238
0.333333373069763
0.077777773141861
0.077777773141861
