-0.0160040538758039
-0.00938522629439831
-0.00628843531012535
-0.0103214234113693
-0.00691556045785546
-0.0113502321764827
-0.00760494405403733
-0.0124821169301867
-0.00836316682398319
-0.013726438395679
-0.00686318660154939
-0.013726438395679
-0.00474091107025743
-0.0124821169301867
-0.00431140372529626
-0.0113502321764827
-0.00392037257552147
-0.0103214234113693
-0.00494470819830894
-0.00662565231323242
0.0168306231498718
-0.105970844626427
10.1429166793823
-0.42388242483139
0.0927225798368454
-0.39937499165535
0.266249984502792
-0.0798749998211861
0.370889782905579
-1.3659428358078
-0.22250697016716
0.194690153002739
0.865403473377228
-0.466146677732468
2.79396772384644e-09
-4.65661287307739e-09
1.86264514923096e-09
0.407869219779968
-0.195344984531403
-0.244692727923393
0.214101523160934
0.909216105937958
-0.512624084949493
-9.31322574615479e-09
-1.86264514923096e-09
-3.72529029846191e-09
0.448537230491638
-0.172346532344818
-0.269089818000793
0.235449433326721
0.957396626472473
-0.56373542547226
-2.60770320892334e-08
-3.72529029846191e-09
1.86264514923096e-09
0.493260145187378
-0.147055506706238
-0.295919716358185
0.258925437927246
1.01037967205048
-0.619943499565125
-5.58793544769287e-09
1.86264514923096e-09
4.65661287307739e-09
0.54244065284729
-0.133809506893158
-0.309971690177917
0.271220743656158
1.01037967205048
-0.619943499565125
-5.58793544769287e-09
1.86264514923096e-09
4.65661287307739e-09
0.54244065284729
-0.147055327892303
-0.295919388532639
0.258925676345825
0.957396626472473
-0.56373542547226
-2.60770320892334e-08
-3.72529029846191e-09
1.86264514923096e-09
0.493260145187378
-0.172346949577332
-0.269090414047241
0.23544904589653
0.909216105937958
-0.512624084949493
-9.31322574615479e-09
-1.86264514923096e-09
-3.72529029846191e-09
0.448537230491638
-0.19534458220005
-0.244692772626877
0.214101895689964
0.865403473377228
-0.466146677732468
2.79396772384644e-09
-4.65661287307739e-09
1.86264514923096e-09
0.407869279384613
-1.36594247817993
-0.247342988848686
-0.95642876625061
10.142915725708
-0.374210059642792
0.399374961853027
0.266249984502792
0.0798750147223473
9.69110774993896
-0.00662565231323242
0.357304751873016
-0.0136812925338745
5.87564945220947
-0.898038446903229
-0.0547256469726562
-0.96337890625
-0.131821855902672
-0.0287265107035637
0.144935548305511
-0.413923263549805
-0.0601814091205597
-0.248729392886162
-0.217279747128487
-0.0315907821059227
0.138148367404938
-0.455194443464279
-0.0661818981170654
-0.252291798591614
-0.238943666219711
-0.0347408205270767
0.130684852600098
-0.500580906867981
-0.0727808475494385
-0.25620910525322
-0.262767940759659
-0.0382041707634926
0.122478187084198
-0.550491333007812
-0.0800371170043945
-0.258260816335678
-0.27524545788765
-0.0400184169411659
0.122478187084198
-0.550491333007812
-0.0800371170043945
-0.256208896636963
-0.262767612934113
-0.0382042676210403
0.130684852600098
-0.500580906867981
-0.0727808475494385
-0.252291977405548
-0.238944157958031
-0.034741036593914
0.13814839720726
-0.455194413661957
-0.0661818981170654
-0.248729348182678
-0.217279598116875
-0.0315906926989555
0.144935548305511
-0.413923263549805
-0.0601814091205597
-0.963379085063934
-0.14837908744812
-0.812352061271667
5.87564945220947
-0.86492383480072
6.19134712219238
0.423534452915192
-0.983956336975098
-3.42726707458496e-07
10.8230085372925
0.583760261535645
-0.465592235326767
0.305842190980911
0.00910519063472748
1.43051147460938e-06
-1.72562658786774
-0.392290771007538
2.23517417907715e-07
0.425998985767365
-0.526841342449188
2.79396772384644e-09
-4.65661287307739e-09
1.86264514923096e-09
-1.01327896118164e-06
-0.426000237464905
-0.276552617549896
-2.68220901489258e-07
0.425999820232391
-0.579370319843292
-9.31322574615479e-09
-1.86264514923096e-09
1.11758708953857e-08
-5.96046447753906e-07
-0.42600005865097
-0.304126381874084
-3.5017728805542e-07
0.426000714302063
-0.637136816978455
3.72529029846191e-09
-3.72529029846191e-09
1.86264514923096e-09
2.38418579101562e-07
-0.425999104976654
-0.33445006608963
4.61935997009277e-07
0.425999999046326
-0.700663089752197
2.42143869400024e-08
1.86264514923096e-09
4.65661287307739e-09
-2.38418579101562e-07
-0.425999641418457
-0.350331664085388
4.4703483581543e-08
0.425999999046326
-0.700663089752197
2.42143869400024e-08
1.86264514923096e-09
4.65661287307739e-09
-2.38418579101562e-07
-0.425999402999878
-0.334449738264084
2.45869159698486e-07
0.426000714302063
-0.637136816978455
3.72529029846191e-09
-3.72529029846191e-09
1.86264514923096e-09
2.38418579101562e-07
-0.42600005865097
-0.304126977920532
-2.68220901489258e-07
0.425999820232391
-0.579370319843292
-9.31322574615479e-09
-1.86264514923096e-09
1.11758708953857e-08
-5.96046447753906e-07
-0.426000237464905
-0.276553153991699
-3.72529029846191e-07
0.425998985767365
-0.526841342449188
2.79396772384644e-09
-4.65661287307739e-09
1.86264514923096e-09
-1.01327896118164e-06
-1.72562563419342
-0.417126595973969
-1.15750825405121
10.8230066299438
0.633432328701019
0.492907822132111
0.333157777786255
0.00910517573356628
9.33199501037598
-0.884611368179321
-6.33299350738525e-08
3.60776424407959
2.65914821624756
-8.94069671630859e-08
-0.575223624706268
-0.486882537603378
3.1106173992157e-07
0.142004102468491
-0.282424032688141
1.78813934326172e-07
-0.142003804445267
-0.148251965641975
-2.98023223876953e-08
0.142003804445267
-0.310583859682083
2.38418579101562e-07
-0.14200384914875
-0.163033902645111
-2.34693288803101e-07
0.142003774642944
-0.341551005840302
1.49011611938477e-08
-0.142003610730171
-0.179289042949677
1.09896063804626e-07
0.142003923654556
-0.375605642795563
1.78813934326172e-07
-0.142003759741783
-0.187803000211716
3.53902578353882e-08
0.142003923654556
-0.375605642795563
1.78813934326172e-07
-0.142003580927849
-0.179289072751999
1.15483999252319e-07
0.142003774642944
-0.341551005840302
1.49011611938477e-08
-0.142003953456879
-0.163033857941628
-1.04308128356934e-07
0.142003804445267
-0.310583859682083
2.38418579101562e-07
-0.142003819346428
-0.148251995444298
-1.86264514923096e-09
0.142004102468491
-0.282424032688141
1.78813934326172e-07
-0.575223565101624
-0.488262057304382
-0.0802873373031616
3.60776352882385
2.66190767288208
0.548790335655212
-0.396152287721634
1.9371509552002e-07
3.60804653167725
3.35488176345825
-0.159766659140587
0.106511123478413
1.86264514923096e-09
5.0663948059082e-07
-0.575268745422363
-0.491599202156067
-6.70552253723145e-08
0.142014384269714
-0.122232489287853
8.38190317153931e-09
9.31322574615479e-10
3.72529029846191e-09
-2.38418579101562e-07
-0.142015218734741
-0.0641633570194244
-2.45869159698486e-07
0.142014682292938
-0.134419202804565
-7.45058059692383e-09
0
5.58793544769287e-09
-8.94069671630859e-08
-0.142014980316162
-0.0705602914094925
-5.21540641784668e-08
0.142014563083649
-0.147821873426437
-1.67638063430786e-08
1.86264514923096e-09
3.72529029846191e-09
-3.27825546264648e-07
-0.142015159130096
-0.0775954574346542
-2.60770320892334e-07
0.142014682292938
-0.162560522556305
3.72529029846191e-09
0
1.02445483207703e-08
-1.78813934326172e-07
-0.142014756798744
-0.081279918551445
2.75671482086182e-07
0.142014682292938
-0.162560522556305
3.72529029846191e-09
0
1.02445483207703e-08
-1.78813934326172e-07
-0.142015129327774
-0.0775956362485886
-2.01165676116943e-07
0.142014563083649
-0.147821873426437
-1.67638063430786e-08
1.86264514923096e-09
3.72529029846191e-09
-3.27825546264648e-07
-0.142015025019646
-0.0705602914094925
-9.68575477600098e-08
0.142014682292938
-0.134419202804565
-7.45058059692383e-09
0
5.58793544769287e-09
-8.94069671630859e-08
-0.142015218734741
-0.0641631409525871
-2.45869159698486e-07
0.142014384269714
-0.122232489287853
8.38190317153931e-09
9.31322574615479e-10
3.72529029846191e-09
-2.38418579101562e-07
-0.575268924236298
-0.491599559783936
-7.45058059692383e-08
3.60804605484009
3.35488200187683
0.159766659140587
0.106511116027832
0
5.0663948059082e-07
2.38418579101562e-07
8.5681676864624e-08
1.80402302742004
1.56817829608917
2.98023223876953e-08
-0.287634283304214
-0.303154289722443
1.30385160446167e-08
0.0710073262453079
-0.181272253394127
-2.98023223876953e-07
-0.0710074827075005
-0.0951546505093575
2.98023223876953e-08
0.0710072815418243
-0.199346274137497
0
-0.0710074156522751
-0.104642055928707
1.82539224624634e-07
0.0710073709487915
-0.2192223072052
-1.04308128356934e-07
-0.0710072964429855
-0.115075446665287
1.09896063804626e-07
0.0710074007511139
-0.24108013510704
-5.96046447753906e-08
-0.0710074752569199
-0.120540015399456
-8.38190317153931e-08
0.0710074007511139
-0.24108013510704
-5.96046447753906e-08
-0.0710073858499527
-0.115075416862965
5.58793544769287e-08
0.0710073709487915
-0.2192223072052
-1.04308128356934e-07
-0.0710074231028557
-0.104642026126385
1.34110450744629e-07
0.0710072815418243
-0.199346274137497
0
-0.0710074752569199
-0.0951546877622604
5.77419996261597e-08
0.0710073262453079
-0.181272268295288
-2.98023223876953e-07
-0.287634342908859
-0.303154289722443
1.30385160446167e-07
1.80402302742004
1.56817841529846
2.98023223876953e-08
7.45058059692383e-08
-4.4703483581543e-08
3.60804653167725
3.35488176345825
-0.159766659140587
0.106511123478413
1.86264514923096e-09
5.0663948059082e-07
-0.575268745422363
-0.491599202156067
-6.70552253723145e-08
0.142014384269714
-0.122232489287853
8.38190317153931e-09
9.31322574615479e-10
3.72529029846191e-09
-2.38418579101562e-07
-0.142015218734741
-0.0641633570194244
-2.45869159698486e-07
0.142014682292938
-0.134419202804565
-7.45058059692383e-09
0
5.58793544769287e-09
-8.94069671630859e-08
-0.142014980316162
-0.0705602914094925
-5.21540641784668e-08
0.142014563083649
-0.147821873426437
-1.67638063430786e-08
1.86264514923096e-09
3.72529029846191e-09
-3.27825546264648e-07
-0.142015159130096
-0.0775954574346542
-2.60770320892334e-07
0.142014682292938
-0.162560522556305
3.72529029846191e-09
0
1.02445483207703e-08
-1.78813934326172e-07
-0.142014756798744
-0.081279918551445
2.75671482086182e-07
0.142014682292938
-0.162560522556305
3.72529029846191e-09
0
1.02445483207703e-08
-1.78813934326172e-07
-0.142015129327774
-0.0775956362485886
-2.01165676116943e-07
0.142014563083649
-0.147821873426437
-1.67638063430786e-08
1.86264514923096e-09
3.72529029846191e-09
-3.27825546264648e-07
-0.142015025019646
-0.0705602914094925
-9.68575477600098e-08
0.142014682292938
-0.134419202804565
-7.45058059692383e-09
0
5.58793544769287e-09
-8.94069671630859e-08
-0.142015218734741
-0.0641631409525871
-2.45869159698486e-07
0.142014384269714
-0.122232489287853
8.38190317153931e-09
9.31322574615479e-10
3.72529029846191e-09
-2.38418579101562e-07
-0.575268924236298
-0.491599559783936
-7.45058059692383e-08
3.60804605484009
3.35488200187683
0.159766659140587
0.106511116027832
0
5.0663948059082e-07
0
8.5681676864624e-08
1.80402302742004
1.56817829608917
2.98023223876953e-08
-0.287634253501892
-0.30315425992012
1.30385160446167e-08
0.0710073411464691
-0.181272253394127
-2.98023223876953e-07
-0.0710074827075005
-0.0951546505093575
2.98023223876953e-08
0.0710072815418243
-0.199346274137497
0
-0.0710074156522751
-0.104642055928707
1.82539224624634e-07
0.0710073709487915
-0.2192223072052
-1.04308128356934e-07
-0.0710072964429855
-0.115075446665287
1.09896063804626e-07
0.0710074007511139
-0.24108013510704
-5.96046447753906e-08
-0.0710074752569199
-0.120540015399456
-8.38190317153931e-08
0.0710074007511139
-0.24108013510704
-5.96046447753906e-08
-0.0710073858499527
-0.115075416862965
5.58793544769287e-08
0.0710073709487915
-0.2192223072052
-1.04308128356934e-07
-0.0710074231028557
-0.104642026126385
1.34110450744629e-07
0.0710072815418243
-0.199346274137497
0
-0.0710074752569199
-0.0951546877622604
5.77419996261597e-08
0.0710073411464691
-0.181272253394127
-2.98023223876953e-07
-0.287634342908859
-0.303154289722443
1.30385160446167e-07
1.80402302742004
1.56817841529846
2.98023223876953e-08
7.45058059692383e-08
1.9371509552002e-07
3.60804653167725
3.35488176345825
-0.159766659140587
0.106511123478413
1.86264514923096e-09
4.76837158203125e-07
-0.575268745422363
-0.491599202156067
-6.70552253723145e-08
0.142014384269714
-0.122232489287853
8.38190317153931e-09
9.31322574615479e-10
3.72529029846191e-09
-2.38418579101562e-07
-0.142015218734741
-0.0641633570194244
-2.45869159698486e-07
0.142014682292938
-0.134419202804565
-7.45058059692383e-09
0
5.58793544769287e-09
-8.94069671630859e-08
-0.142014980316162
-0.0705602914094925
-5.21540641784668e-08
0.142014563083649
-0.147821873426437
-1.67638063430786e-08
1.86264514923096e-09
3.72529029846191e-09
-3.27825546264648e-07
-0.142015159130096
-0.0775954574346542
-2.60770320892334e-07
0.142014682292938
-0.162560522556305
3.72529029846191e-09
0
1.02445483207703e-08
-1.78813934326172e-07
-0.142014756798744
-0.081279918551445
2.75671482086182e-07
0.142014682292938
-0.162560522556305
3.72529029846191e-09
0
1.02445483207703e-08
-1.78813934326172e-07
-0.142015129327774
-0.0775956362485886
-2.01165676116943e-07
0.142014563083649
-0.147821873426437
-1.67638063430786e-08
1.86264514923096e-09
3.72529029846191e-09
-3.27825546264648e-07
-0.142015025019646
-0.0705602914094925
-9.68575477600098e-08
0.142014682292938
-0.134419202804565
-7.45058059692383e-09
0
5.58793544769287e-09
-8.94069671630859e-08
-0.142015218734741
-0.0641631409525871
-2.45869159698486e-07
0.142014384269714
-0.122232489287853
8.38190317153931e-09
9.31322574615479e-10
3.72529029846191e-09
-2.38418579101562e-07
-0.575268924236298
-0.491599559783936
-7.45058059692383e-08
3.60804605484009
3.35488200187683
0.159766659140587
0.106511116027832
0
4.76837158203125e-07
2.38418579101562e-07
1.564621925354e-07
4.96056938171387
4.43951416015625
4.76837158203125e-07
-0.790915966033936
-0.766688525676727
-2.30967998504639e-07
0.195251286029816
-0.358288705348969
0
-0.195250660181046
-0.188075020909309
2.23517417907715e-07
0.195250868797302
-0.394012421369553
-1.19209289550781e-07
-0.195250958204269
-0.206827655434608
9.68575477600098e-08
0.195251226425171
-0.43329718708992
4.76837158203125e-07
-0.195251017808914
-0.227449715137482
-2.30967998504639e-07
0.195250511169434
-0.476500570774078
0
-0.195251196622849
-0.238250434398651
-1.41561031341553e-07
0.195250511169434
-0.476500570774078
0
-0.195251017808914
-0.227449730038643
-2.23517417907715e-08
0.195251226425171
-0.43329718708992
4.76837158203125e-07
-0.195251077413559
-0.206827476620674
-1.9371509552002e-07
0.195250868797302
-0.394012421369553
-1.19209289550781e-07
-0.195250779390335
-0.188075333833694
3.05473804473877e-07
0.195251286029816
-0.358288645744324
0
-0.790915787220001
-0.766688227653503
-2.60770320892334e-07
4.96056890487671
4.43951463699341
4.76837158203125e-07
1.19209289550781e-07
9.08970832824707e-07
16.2342300415039
14.8402242660522
-0.718862473964691
0.479241639375687
-7.45058059692383e-09
-3.57627868652344e-07
-2.5883936882019
-2.3457338809967
4.4703483581543e-07
0.638988971710205
-0.830296516418457
-1.9557774066925e-08
2.79396772384644e-09
1.86264514923096e-09
2.38418579101562e-07
-0.638988554477692
-0.435845047235489
-3.87430191040039e-07
0.638988494873047
-0.913084447383881
5.58793544769287e-09
-1.86264514923096e-09
-1.11758708953857e-08
-2.38418579101562e-07
-0.638988316059113
-0.479301661252975
2.38418579101562e-07
0.63898754119873
-1.00412392616272
1.11758708953857e-08
3.72529029846191e-09
1.86264514923096e-09
-7.15255737304688e-07
-0.638989329338074
-0.527090966701508
-1.04308128356934e-06
0.638986587524414
-1.10424327850342
-5.58793544769287e-09
1.86264514923096e-09
-2.79396772384644e-09
-1.9073486328125e-06
-0.638990163803101
-0.552121818065643
-1.40070915222168e-06
0.638986587524414
-1.10424327850342
-5.58793544769287e-09
1.86264514923096e-09
-2.79396772384644e-09
-1.9073486328125e-06
-0.638989627361298
-0.527092099189758
-4.76837158203125e-07
0.63898754119873
-1.00412392616272
1.11758708953857e-08
3.72529029846191e-09
1.86264514923096e-09
-7.15255737304688e-07
-0.638987720012665
-0.47930058836937
8.04662704467773e-07
0.638988494873047
-0.913084447383881
5.58793544769287e-09
-1.86264514923096e-09
-1.11758708953857e-08
-2.38418579101562e-07
-0.638988494873047
-0.435845404863358
-3.87430191040039e-07
0.638988971710205
-0.830296516418457
-1.9557774066925e-08
2.79396772384644e-09
1.86264514923096e-09
2.38418579101562e-07
-2.5883936882019
-2.34573316574097
-4.4703483581543e-08
16.2342300415039
14.8402233123779
0.718862533569336
0.479241669178009
-7.45058059692383e-09
-3.57627868652344e-07
5.96046447753906e-07
-3.20374965667725e-07
8.11711502075195
7.31085014343262
-4.76837158203125e-07
-1.29419732093811
-1.23022222518921
7.45058059692383e-09
0.319494307041168
-0.535305082798004
2.38418579101562e-07
-0.319494098424911
-0.280995219945908
1.04308128356934e-07
0.319495320320129
-0.588678061962128
5.96046447753906e-07
-0.319494813680649
-0.309013068675995
9.68575477600098e-08
0.319494009017944
-0.647373735904694
0
-0.319494992494583
-0.339823544025421
-5.88595867156982e-07
0.319493532180786
-0.711921632289886
-7.15255737304688e-07
-0.319494515657425
-0.355960428714752
-8.19563865661621e-08
0.319493532180786
-0.711921632289886
-7.15255737304688e-07
-0.319494932889938
-0.339823722839355
-6.18398189544678e-07
0.319494009017944
-0.647373735904694
0
-0.31949457526207
-0.309012621641159
1.63912773132324e-07
0.319495320320129
-0.588678061962128
5.96046447753906e-07
-0.319494396448135
-0.280995756387711
-5.21540641784668e-08
0.319494366645813
-0.535305142402649
2.38418579101562e-07
-1.29419732093811
-1.23022174835205
-2.60770320892334e-07
8.11711406707764
7.3108491897583
-4.76837158203125e-07
-1.19209289550781e-07
9.08970832824707e-07
16.2342300415039
14.8402242660522
-0.718862473964691
0.479241639375687
-7.45058059692383e-09
-3.57627868652344e-07
-2.5883936882019
-2.3457338809967
4.4703483581543e-07
0.638988971710205
-0.830296516418457
-1.9557774066925e-08
2.79396772384644e-09
1.86264514923096e-09
2.38418579101562e-07
-0.638988554477692
-0.435845047235489
-3.87430191040039e-07
0.638988494873047
-0.913084447383881
5.58793544769287e-09
-1.86264514923096e-09
-1.11758708953857e-08
-2.38418579101562e-07
-0.638988316059113
-0.479301661252975
2.38418579101562e-07
0.63898754119873
-1.00412392616272
1.11758708953857e-08
3.72529029846191e-09
1.86264514923096e-09
-7.15255737304688e-07
-0.638989329338074
-0.527090966701508
-1.04308128356934e-06
0.638986587524414
-1.10424327850342
-5.58793544769287e-09
1.86264514923096e-09
-2.79396772384644e-09
-1.9073486328125e-06
-0.638990163803101
-0.552121818065643
-1.40070915222168e-06
0.638986587524414
-1.10424327850342
-5.58793544769287e-09
1.86264514923096e-09
-2.79396772384644e-09
-1.9073486328125e-06
-0.638989627361298
-0.527092099189758
-4.76837158203125e-07
0.63898754119873
-1.00412392616272
1.11758708953857e-08
3.72529029846191e-09
1.86264514923096e-09
-7.15255737304688e-07
-0.638987720012665
-0.47930058836937
8.04662704467773e-07
0.638988494873047
-0.913084447383881
5.58793544769287e-09
-1.86264514923096e-09
-1.11758708953857e-08
-2.38418579101562e-07
-0.638988494873047
-0.435845404863358
-3.87430191040039e-07
0.638988971710205
-0.830296516418457
-1.9557774066925e-08
2.79396772384644e-09
1.86264514923096e-09
2.38418579101562e-07
-2.5883936882019
-2.34573316574097
-4.4703483581543e-08
16.2342300415039
14.8402233123779
0.718862533569336
0.479241669178009
-7.45058059692383e-09
-3.57627868652344e-07
5.96046447753906e-07
-3.20374965667725e-07
8.11711502075195
7.31085014343262
-4.76837158203125e-07
-1.29419732093811
-1.23022222518921
7.45058059692383e-09
0.319494307041168
-0.535305082798004
2.38418579101562e-07
-0.319494098424911
-0.280995219945908
1.04308128356934e-07
0.319495320320129
-0.588678061962128
5.96046447753906e-07
-0.319494813680649
-0.309013068675995
9.68575477600098e-08
0.319494009017944
-0.647373735904694
0
-0.319494992494583
-0.339823544025421
-5.88595867156982e-07
0.319493532180786
-0.711921632289886
-7.15255737304688e-07
-0.319494515657425
-0.355960428714752
-8.19563865661621e-08
0.319493532180786
-0.711921632289886
-7.15255737304688e-07
-0.319494932889938
-0.339823722839355
-6.18398189544678e-07
0.319494009017944
-0.647373735904694
0
-0.31949457526207
-0.309012621641159
1.63912773132324e-07
0.319495320320129
-0.588678061962128
5.96046447753906e-07
-0.319494396448135
-0.280995756387711
-5.21540641784668e-08
0.319494366645813
-0.535305142402649
2.38418579101562e-07
-1.29419732093811
-1.23022174835205
-2.60770320892334e-07
8.11711406707764
7.3108491897583
-4.76837158203125e-07
-1.19209289550781e-07
9.08970832824707e-07
16.2342300415039
14.8402242660522
-0.718862473964691
0.479241639375687
-7.45058059692383e-09
-3.57627868652344e-07
-2.5883936882019
-2.3457338809967
4.4703483581543e-07
0.638988971710205
-0.830296516418457
-1.9557774066925e-08
2.79396772384644e-09
1.86264514923096e-09
2.38418579101562e-07
-0.638988554477692
-0.435845047235489
-3.87430191040039e-07
0.638988494873047
-0.913084447383881
5.58793544769287e-09
-1.86264514923096e-09
-1.11758708953857e-08
-2.38418579101562e-07
-0.638988316059113
-0.479301661252975
2.38418579101562e-07
0.63898754119873
-1.00412392616272
1.11758708953857e-08
3.72529029846191e-09
1.86264514923096e-09
-7.15255737304688e-07
-0.638989329338074
-0.527090966701508
-1.04308128356934e-06
0.638986587524414
-1.10424327850342
-5.58793544769287e-09
1.86264514923096e-09
-2.79396772384644e-09
-1.9073486328125e-06
-0.638990163803101
-0.552121818065643
-1.40070915222168e-06
0.638986587524414
-1.10424327850342
-5.58793544769287e-09
1.86264514923096e-09
-2.79396772384644e-09
-1.9073486328125e-06
-0.638989627361298
-0.527092099189758
-4.76837158203125e-07
0.63898754119873
-1.00412392616272
1.11758708953857e-08
3.72529029846191e-09
1.86264514923096e-09
-7.15255737304688e-07
-0.638987720012665
-0.47930058836937
8.04662704467773e-07
0.638988494873047
-0.913084447383881
5.58793544769287e-09
-1.86264514923096e-09
-1.11758708953857e-08
-2.38418579101562e-07
-0.638988494873047
-0.435845404863358
-3.87430191040039e-07
0.638988971710205
-0.830296516418457
-1.9557774066925e-08
2.79396772384644e-09
1.86264514923096e-09
2.38418579101562e-07
-2.5883936882019
-2.34573316574097
-4.4703483581543e-08
16.2342300415039
14.8402233123779
0.718862533569336
0.479241669178009
-7.45058059692383e-09
-3.57627868652344e-07
5.96046447753906e-07
-3.20374965667725e-07
8.11711502075195
7.31085014343262
-4.76837158203125e-07
-1.29419732093811
-1.23022222518921
7.45058059692383e-09
0.319494307041168
-0.535305082798004
2.38418579101562e-07
-0.319494098424911
-0.280995219945908
1.04308128356934e-07
0.319495320320129
-0.588678061962128
5.96046447753906e-07
-0.319494813680649
-0.309013068675995
9.68575477600098e-08
0.319494009017944
-0.647373735904694
0
-0.319494992494583
-0.339823544025421
-5.88595867156982e-07
0.319493532180786
-0.711921632289886
-7.15255737304688e-07
-0.319494515657425
-0.355960428714752
-8.19563865661621e-08
0.319493532180786
-0.711921632289886
-7.15255737304688e-07
-0.319494932889938
-0.339823722839355
-6.18398189544678e-07
0.319494009017944
-0.647373735904694
0
-0.31949457526207
-0.309012621641159
1.63912773132324e-07
0.319495320320129
-0.588678061962128
5.96046447753906e-07
-0.319494396448135
-0.280995756387711
-5.21540641784668e-08
0.319494366645813
-0.535305142402649
2.38418579101562e-07
-1.29419732093811
-1.23022174835205
-2.60770320892334e-07
8.11711406707764
7.3108491897583
-4.76837158203125e-07
-1.19209289550781e-07
9.08970832824707e-07
16.2342300415039
14.8402242660522
-0.718862473964691
0.479241639375687
-7.45058059692383e-09
-3.57627868652344e-07
-2.5883936882019
-2.3457338809967
4.4703483581543e-07
0.638988971710205
-0.830296516418457
-1.9557774066925e-08
2.79396772384644e-09
1.86264514923096e-09
2.38418579101562e-07
-0.638988554477692
-0.435845047235489
-3.87430191040039e-07
0.638988494873047
-0.913084447383881
5.58793544769287e-09
-1.86264514923096e-09
-1.11758708953857e-08
-2.38418579101562e-07
-0.638988316059113
-0.479301661252975
2.38418579101562e-07
0.63898754119873
-1.00412392616272
1.11758708953857e-08
3.72529029846191e-09
1.86264514923096e-09
-7.15255737304688e-07
-0.638989329338074
-0.527090966701508
-1.04308128356934e-06
0.638986587524414
-1.10424327850342
-5.58793544769287e-09
1.86264514923096e-09
-2.79396772384644e-09
-1.9073486328125e-06
-0.638990163803101
-0.552121818065643
-1.40070915222168e-06
0.638986587524414
-1.10424327850342
-5.58793544769287e-09
1.86264514923096e-09
-2.79396772384644e-09
-1.9073486328125e-06
-0.638989627361298
-0.527092099189758
-4.76837158203125e-07
0.63898754119873
-1.00412392616272
1.11758708953857e-08
3.72529029846191e-09
1.86264514923096e-09
-7.15255737304688e-07
-0.638987720012665
-0.47930058836937
8.04662704467773e-07
0.638988494873047
-0.913084447383881
5.58793544769287e-09
-1.86264514923096e-09
-1.11758708953857e-08
-2.38418579101562e-07
-0.638988494873047
-0.435845404863358
-3.87430191040039e-07
0.638988971710205
-0.830296516418457
-1.9557774066925e-08
2.79396772384644e-09
1.86264514923096e-09
2.38418579101562e-07
-2.5883936882019
-2.34573316574097
-4.4703483581543e-08
16.2342300415039
14.8402233123779
0.718862533569336
0.479241669178009
-7.45058059692383e-09
-3.57627868652344e-07
5.96046447753906e-07
-3.20374965667725e-07
8.11711502075195
7.31085014343262
-4.76837158203125e-07
-1.29419732093811
-1.23022222518921
7.45058059692383e-09
0.319494307041168
-0.535305082798004
2.38418579101562e-07
-0.319494098424911
-0.280995219945908
1.04308128356934e-07
0.319495320320129
-0.588678061962128
5.96046447753906e-07
-0.319494813680649
-0.309013068675995
9.68575477600098e-08
0.319494009017944
-0.647373735904694
0
-0.319494992494583
-0.339823544025421
-5.88595867156982e-07
0.319493532180786
-0.711921632289886
-7.15255737304688e-07
-0.319494515657425
-0.355960428714752
-8.19563865661621e-08
0.319493532180786
-0.711921632289886
-7.15255737304688e-07
-0.319494932889938
-0.339823722839355
-6.18398189544678e-07
0.319494009017944
-0.647373735904694
0
-0.31949457526207
-0.309012621641159
1.63912773132324e-07
0.319495320320129
-0.588678061962128
5.96046447753906e-07
-0.319494396448135
-0.280995756387711
-5.21540641784668e-08
0.319494366645813
-0.535305142402649
2.38418579101562e-07
-1.29419732093811
-1.23022174835205
-2.60770320892334e-07
8.11711406707764
7.3108491897583
-4.76837158203125e-07
-1.19209289550781e-07
9.08970832824707e-07
16.2342300415039
14.8402242660522
-0.718862473964691
0.479241639375687
-7.45058059692383e-09
-3.57627868652344e-07
-2.5883936882019
-2.3457338809967
4.4703483581543e-07
0.638988971710205
-0.830296516418457
-1.9557774066925e-08
2.79396772384644e-09
1.86264514923096e-09
2.38418579101562e-07
-0.638988554477692
-0.435845047235489
-3.87430191040039e-07
0.638988494873047
-0.913084447383881
5.58793544769287e-09
-1.86264514923096e-09
-1.11758708953857e-08
-2.38418579101562e-07
-0.638988316059113
-0.479301661252975
2.38418579101562e-07
0.63898754119873
-1.00412392616272
1.11758708953857e-08
3.72529029846191e-09
1.86264514923096e-09
-7.15255737304688e-07
-0.638989329338074
-0.527090966701508
-1.04308128356934e-06
0.638986587524414
-1.10424327850342
-5.58793544769287e-09
1.86264514923096e-09
-2.79396772384644e-09
-1.9073486328125e-06
-0.638990163803101
-0.552121818065643
-1.40070915222168e-06
0.638986587524414
-1.10424327850342
-5.58793544769287e-09
1.86264514923096e-09
-2.79396772384644e-09
-1.9073486328125e-06
-0.638989627361298
-0.527092099189758
-4.76837158203125e-07
0.63898754119873
-1.00412392616272
1.11758708953857e-08
3.72529029846191e-09
1.86264514923096e-09
-7.15255737304688e-07
-0.638987720012665
-0.47930058836937
8.04662704467773e-07
0.638988494873047
-0.913084447383881
5.58793544769287e-09
-1.86264514923096e-09
-1.11758708953857e-08
-2.38418579101562e-07
-0.638988494873047
-0.435845404863358
-3.87430191040039e-07
0.638988971710205
-0.830296516418457
-1.9557774066925e-08
2.79396772384644e-09
1.86264514923096e-09
2.38418579101562e-07
-2.5883936882019
-2.34573316574097
-4.4703483581543e-08
16.2342300415039
14.8402233123779
0.718862533569336
0.479241669178009
-7.45058059692383e-09
-3.57627868652344e-07
5.96046447753906e-07
-3.20374965667725e-07
8.11711502075195
7.31085014343262
-4.76837158203125e-07
-1.29419732093811
-1.23022222518921
7.45058059692383e-09
0.319494307041168
-0.535305082798004
2.38418579101562e-07
-0.319494098424911
-0.280995219945908
1.04308128356934e-07
0.319495320320129
-0.588678061962128
5.96046447753906e-07
-0.319494813680649
-0.309013068675995
9.68575477600098e-08
0.319494009017944
-0.647373735904694
0
-0.319494992494583
-0.339823544025421
-5.88595867156982e-07
0.319493532180786
-0.711921632289886
-7.15255737304688e-07
-0.319494515657425
-0.355960428714752
-8.19563865661621e-08
0.319493532180786
-0.711921632289886
-7.15255737304688e-07
-0.319494932889938
-0.339823722839355
-6.18398189544678e-07
0.319494009017944
-0.647373735904694
0
-0.31949457526207
-0.309012621641159
1.63912773132324e-07
0.319495320320129
-0.588678061962128
5.96046447753906e-07
-0.319494396448135
-0.280995756387711
-5.21540641784668e-08
0.319494366645813
-0.535305142402649
2.38418579101562e-07
-1.29419732093811
-1.23022174835205
-2.60770320892334e-07
8.11711406707764
7.3108491897583
-4.76837158203125e-07
-1.19209289550781e-07
9.08970832824707e-07
16.2342300415039
14.8402242660522
-0.718862473964691
0.479241639375687
-7.45058059692383e-09
-3.57627868652344e-07
-2.5883936882019
-2.3457338809967
4.4703483581543e-07
0.638988971710205
-0.830296516418457
-1.9557774066925e-08
2.79396772384644e-09
1.86264514923096e-09
2.38418579101562e-07
-0.638988554477692
-0.435845047235489
-3.87430191040039e-07
0.638988494873047
-0.913084447383881
5.58793544769287e-09
-1.86264514923096e-09
-1.11758708953857e-08
-2.38418579101562e-07
-0.638988316059113
-0.479301661252975
2.38418579101562e-07
0.63898754119873
-1.00412392616272
1.11758708953857e-08
3.72529029846191e-09
1.86264514923096e-09
-7.15255737304688e-07
-0.638989329338074
-0.527090966701508
-1.04308128356934e-06
0.638986587524414
-1.10424327850342
-5.58793544769287e-09
1.86264514923096e-09
-2.79396772384644e-09
-1.9073486328125e-06
-0.638990163803101
-0.552121818065643
-1.40070915222168e-06
0.638986587524414
-1.10424327850342
-5.58793544769287e-09
1.86264514923096e-09
-2.79396772384644e-09
-1.9073486328125e-06
-0.638989627361298
-0.527092099189758
-4.76837158203125e-07
0.63898754119873
-1.00412392616272
1.11758708953857e-08
3.72529029846191e-09
1.86264514923096e-09
-7.15255737304688e-07
-0.638987720012665
-0.47930058836937
8.04662704467773e-07
0.638988494873047
-0.913084447383881
5.58793544769287e-09
-1.86264514923096e-09
-1.11758708953857e-08
-2.38418579101562e-07
-0.638988494873047
-0.435845404863358
-3.87430191040039e-07
0.638988971710205
-0.830296516418457
-1.9557774066925e-08
2.79396772384644e-09
1.86264514923096e-09
2.38418579101562e-07
-2.5883936882019
-2.34573316574097
-4.4703483581543e-08
16.2342300415039
14.8402233123779
0.718862533569336
0.479241669178009
-7.45058059692383e-09
-3.57627868652344e-07
5.96046447753906e-07
-3.20374965667725e-07
8.11711502075195
7.31085014343262
-4.76837158203125e-07
-1.29419732093811
-1.23022222518921
7.45058059692383e-09
0.319494307041168
-0.535305082798004
2.38418579101562e-07
-0.319494098424911
-0.280995219945908
1.04308128356934e-07
0.319495320320129
-0.588678061962128
5.96046447753906e-07
-0.319494813680649
-0.309013068675995
9.68575477600098e-08
0.319494009017944
-0.647373735904694
0
-0.319494992494583
-0.339823544025421
-5.88595867156982e-07
0.319493532180786
-0.711921632289886
-7.15255737304688e-07
-0.319494515657425
-0.355960428714752
-8.19563865661621e-08
0.319493532180786
-0.711921632289886
-7.15255737304688e-07
-0.319494932889938
-0.339823722839355
-6.18398189544678e-07
0.319494009017944
-0.647373735904694
0
-0.31949457526207
-0.309012621641159
1.63912773132324e-07
0.319495320320129
-0.588678061962128
5.96046447753906e-07
-0.319494396448135
-0.280995756387711
-5.21540641784668e-08
0.319494366645813
-0.535305142402649
2.38418579101562e-07
-1.29419732093811
-1.23022174835205
-2.60770320892334e-07
8.11711406707764
7.3108491897583
-4.76837158203125e-07
-1.19209289550781e-07
9.08970832824707e-07
16.2342300415039
14.8402242660522
-0.718862473964691
0.479241639375687
-7.45058059692383e-09
-3.57627868652344e-07
-2.5883936882019
-2.3457338809967
4.4703483581543e-07
0.638988971710205
-0.830296516418457
-1.9557774066925e-08
2.79396772384644e-09
1.86264514923096e-09
2.38418579101562e-07
-0.638988554477692
-0.435845047235489
-3.87430191040039e-07
0.638988494873047
-0.913084447383881
5.58793544769287e-09
-1.86264514923096e-09
-1.11758708953857e-08
-2.38418579101562e-07
-0.638988316059113
-0.479301661252975
2.38418579101562e-07
0.63898754119873
-1.00412392616272
1.11758708953857e-08
3.72529029846191e-09
1.86264514923096e-09
-7.15255737304688e-07
-0.638989329338074
-0.527090966701508
-1.04308128356934e-06
0.638986587524414
-1.10424327850342
-5.58793544769287e-09
1.86264514923096e-09
-2.79396772384644e-09
-1.9073486328125e-06
-0.638990163803101
-0.552121818065643
-1.40070915222168e-06
0.638986587524414
-1.10424327850342
-5.58793544769287e-09
1.86264514923096e-09
-2.79396772384644e-09
-1.9073486328125e-06
-0.638989627361298
-0.527092099189758
-4.76837158203125e-07
0.63898754119873
-1.00412392616272
1.11758708953857e-08
3.72529029846191e-09
1.86264514923096e-09
-7.15255737304688e-07
-0.638987720012665
-0.47930058836937
8.04662704467773e-07
0.638988494873047
-0.913084447383881
5.58793544769287e-09
-1.86264514923096e-09
-1.11758708953857e-08
-2.38418579101562e-07
-0.638988494873047
-0.435845404863358
-3.87430191040039e-07
0.638988971710205
-0.830296516418457
-1.9557774066925e-08
2.79396772384644e-09
1.86264514923096e-09
2.38418579101562e-07
-2.5883936882019
-2.34573316574097
-4.4703483581543e-08
16.2342300415039
14.8402233123779
0.718862533569336
0.479241669178009
-7.45058059692383e-09
-3.57627868652344e-07
5.96046447753906e-07
-3.20374965667725e-07
8.11711502075195
7.31085014343262
-4.76837158203125e-07
-1.29419732093811
-1.23022222518921
7.45058059692383e-09
0.319494307041168
-0.535305082798004
2.38418579101562e-07
-0.319494098424911
-0.280995219945908
1.04308128356934e-07
0.319495320320129
-0.588678061962128
5.96046447753906e-07
-0.319494813680649
-0.309013068675995
9.68575477600098e-08
0.319494009017944
-0.647373735904694
0
-0.319494992494583
-0.339823544025421
-5.88595867156982e-07
0.319493532180786
-0.711921632289886
-7.15255737304688e-07
-0.319494515657425
-0.355960428714752
-8.19563865661621e-08
0.319493532180786
-0.711921632289886
-7.15255737304688e-07
-0.319494932889938
-0.339823722839355
-6.18398189544678e-07
0.319494009017944
-0.647373735904694
0
-0.31949457526207
-0.309012621641159
1.63912773132324e-07
0.319495320320129
-0.588678061962128
5.96046447753906e-07
-0.319494396448135
-0.280995756387711
-5.21540641784668e-08
0.319494366645813
-0.535305142402649
2.38418579101562e-07
-1.29419732093811
-1.23022174835205
-2.60770320892334e-07
8.11711406707764
7.3108491897583
-4.76837158203125e-07
-1.19209289550781e-07
9.08970832824707e-07
16.2342300415039
14.8402242660522
-0.718862473964691
0.479241639375687
-7.45058059692383e-09
-3.57627868652344e-07
-2.5883936882019
-2.3457338809967
4.4703483581543e-07
0.638988971710205
-0.830296516418457
-1.9557774066925e-08
2.79396772384644e-09
1.86264514923096e-09
2.38418579101562e-07
-0.638988554477692
-0.435845047235489
-3.87430191040039e-07
0.638988494873047
-0.913084447383881
5.58793544769287e-09
-1.86264514923096e-09
-1.11758708953857e-08
-2.38418579101562e-07
-0.638988316059113
-0.479301661252975
2.38418579101562e-07
0.63898754119873
-1.00412392616272
1.11758708953857e-08
3.72529029846191e-09
1.86264514923096e-09
-7.15255737304688e-07
-0.638989329338074
-0.527090966701508
-1.04308128356934e-06
0.638986587524414
-1.10424327850342
-5.58793544769287e-09
1.86264514923096e-09
-2.79396772384644e-09
-1.9073486328125e-06
-0.638990163803101
-0.552121818065643
-1.40070915222168e-06
0.638986587524414
-1.10424327850342
-5.58793544769287e-09
1.86264514923096e-09
-2.79396772384644e-09
-1.9073486328125e-06
-0.638989627361298
-0.527092099189758
-4.76837158203125e-07
0.63898754119873
-1.00412392616272
1.11758708953857e-08
3.72529029846191e-09
1.86264514923096e-09
-7.15255737304688e-07
-0.638987720012665
-0.47930058836937
8.04662704467773e-07
0.638988494873047
-0.913084447383881
5.58793544769287e-09
-1.86264514923096e-09
-1.11758708953857e-08
-2.38418579101562e-07
-0.638988494873047
-0.435845404863358
-3.87430191040039e-07
0.638988971710205
-0.830296516418457
-1.9557774066925e-08
2.79396772384644e-09
1.86264514923096e-09
2.38418579101562e-07
-2.5883936882019
-2.34573316574097
-4.4703483581543e-08
16.2342300415039
14.8402233123779
0.718862533569336
0.479241669178009
-7.45058059692383e-09
-3.57627868652344e-07
5.96046447753906e-07
-1.30385160446167e-07
5.41072750091553
4.84899854660034
-8.94069671630859e-08
-0.862689614295959
-0.83279287815094
-2.49594449996948e-07
0.212969750165939
-0.383532851934433
1.49011611938477e-07
-0.212969377636909
-0.201326608657837
-1.04308128356934e-07
0.21296963095665
-0.421773970127106
-2.38418579101562e-07
-0.212969765067101
-0.22140046954155
-1.78813934326172e-07
0.212969124317169
-0.463827729225159
-2.38418579101562e-07
-0.212969526648521
-0.243475258350372
-1.43423676490784e-07
0.212969124317169
-0.510074079036713
-3.57627868652344e-07
-0.212969616055489
-0.255037397146225
-1.13621354103088e-07
0.212969124317169
-0.510074079036713
-3.57627868652344e-07
-0.212969705462456
-0.243475556373596
-8.94069671630859e-08
0.212969124317169
-0.463827729225159
-2.38418579101562e-07
-0.212969735264778
-0.221400439739227
-1.63912773132324e-07
0.21296963095665
-0.421773970127106
-2.38418579101562e-07
-0.212969556450844
-0.201326280832291
-2.34693288803101e-07
0.212969750165939
-0.383532851934433
1.49011611938477e-07
-0.862689614295959
-0.832792937755585
-1.45286321640015e-07
5.41072797775269
4.8489990234375
-8.94069671630859e-08
-2.08616256713867e-07
3.72529029846191e-08
5.40868139266968
4.99282026290894
-0.239500001072884
0.159666657447815
3.72529029846191e-09
3.57627868652344e-07
-0.862362861633301
-0.756019711494446
0
0.212888360023499
-0.223209872841835
1.02445483207703e-08
9.31322574615479e-10
5.58793544769287e-09
-1.78813934326172e-07
-0.212888926267624
-0.117168940603733
4.4703483581543e-08
0.21288937330246
-0.245465070009232
-1.30385160446167e-08
0
0
2.98023223876953e-07
-0.212888926267624
-0.128851503133774
-9.68575477600098e-08
0.212889283895493
-0.269939422607422
-7.45058059692383e-09
-1.86264514923096e-09
5.58793544769287e-09
1.19209289550781e-07
-0.212888807058334
-0.14169842004776
5.21540641784668e-08
0.212889194488525
-0.296854436397552
1.30385160446167e-08
0
1.21071934700012e-08
1.19209289550781e-07
-0.212889313697815
-0.148427814245224
-4.84287738800049e-07
0.212889194488525
-0.296854436397552
1.30385160446167e-08
0
1.21071934700012e-08
1.19209289550781e-07
-0.212888866662979
-0.141698509454727
2.30967998504639e-07
0.212889283895493
-0.269939422607422
-7.45058059692383e-09
-1.86264514923096e-09
5.58793544769287e-09
1.19209289550781e-07
-0.212889015674591
-0.128851398825645
-1.63912773132324e-07
0.21288937330246
-0.245465070009232
-1.30385160446167e-08
0
0
2.98023223876953e-07
-0.212888807058334
-0.117169044911861
-5.96046447753906e-08
0.212888360023499
-0.223209872841835
1.02445483207703e-08
9.31322574615479e-10
5.58793544769287e-09
-1.78813934326172e-07
-0.862363040447235
-0.756019592285156
-5.21540641784668e-08
5.40868139266968
4.99282073974609
0.239500001072884
0.159666657447815
-3.72529029846191e-09
3.57627868652344e-07
-5.96046447753906e-08
-1.89989805221558e-07
2.70434069633484
2.38714718818665
-8.94069671630859e-08
-0.431181311607361
-0.435364365577698
1.37835741043091e-07
0.106444329023361
-0.231761261820793
-8.94069671630859e-08
-0.106444410979748
-0.121657818555832
7.45058059692383e-08
0.106444269418716
-0.254869401454926
-1.19209289550781e-07
-0.106444552540779
-0.133787766098976
-1.78813934326172e-07
0.106444865465164
-0.280281096696854
2.38418579101562e-07
-0.106444284319878
-0.147127017378807
3.53902578353882e-08
0.106444388628006
-0.308227181434631
1.19209289550781e-07
-0.106444403529167
-0.154113620519638
6.51925802230835e-08
0.106444388628006
-0.308227181434631
1.19209289550781e-07
-0.106444254517555
-0.147127047181129
1.49011611938477e-07
0.106444865465164
-0.280281096696854
2.38418579101562e-07
-0.106444470584393
-0.133787840604782
-1.04308128356934e-07
0.106444269418716
-0.254869401454926
-1.19209289550781e-07
-0.10644443333149
-0.121657676994801
3.72529029846191e-09
0.106444329023361
-0.231761261820793
-8.94069671630859e-08
-0.431181401014328
-0.435364425182343
3.35276126861572e-08
2.70434045791626
2.38714742660522
-8.94069671630859e-08
-2.08616256713867e-07
3.72529029846191e-08
5.40868139266968
4.99282026290894
-0.239500001072884
0.159666657447815
3.72529029846191e-09
3.57627868652344e-07
-0.862362861633301
-0.756019711494446
0
0.212888360023499
-0.223209872841835
1.02445483207703e-08
9.31322574615479e-10
5.58793544769287e-09
-1.78813934326172e-07
-0.212888926267624
-0.117168940603733
4.4703483581543e-08
0.21288937330246
-0.245465070009232
-1.30385160446167e-08
0
0
2.98023223876953e-07
-0.212888926267624
-0.128851503133774
-9.68575477600098e-08
0.212889283895493
-0.269939422607422
-7.45058059692383e-09
-1.86264514923096e-09
5.58793544769287e-09
1.19209289550781e-07
-0.212888807058334
-0.14169842004776
5.21540641784668e-08
0.212889194488525
-0.296854436397552
1.30385160446167e-08
0
1.21071934700012e-08
1.19209289550781e-07
-0.212889313697815
-0.148427814245224
-4.84287738800049e-07
0.212889194488525
-0.296854436397552
1.30385160446167e-08
0
1.21071934700012e-08
1.19209289550781e-07
-0.212888866662979
-0.141698509454727
2.30967998504639e-07
0.212889283895493
-0.269939422607422
-7.45058059692383e-09
-1.86264514923096e-09
5.58793544769287e-09
1.19209289550781e-07
-0.212889015674591
-0.128851398825645
-1.63912773132324e-07
0.21288937330246
-0.245465070009232
-1.30385160446167e-08
0
0
2.98023223876953e-07
-0.212888807058334
-0.117169044911861
-5.96046447753906e-08
0.212888360023499
-0.223209872841835
1.02445483207703e-08
9.31322574615479e-10
5.58793544769287e-09
-1.78813934326172e-07
-0.862363040447235
-0.756019592285156
-5.21540641784668e-08
5.40868139266968
4.99282073974609
0.239500001072884
0.159666657447815
-3.72529029846191e-09
3.57627868652344e-07
-5.96046447753906e-08
-1.89989805221558e-07
2.70434069633484
2.38714718818665
-8.94069671630859e-08
-0.431181311607361
-0.435364365577698
1.37835741043091e-07
0.106444329023361
-0.231761261820793
-8.94069671630859e-08
-0.106444410979748
-0.121657818555832
7.45058059692383e-08
0.106444269418716
-0.254869401454926
-1.19209289550781e-07
-0.106444552540779
-0.133787766098976
-1.78813934326172e-07
0.106444865465164
-0.280281096696854
2.38418579101562e-07
-0.106444284319878
-0.147127017378807
3.53902578353882e-08
0.106444388628006
-0.308227181434631
1.19209289550781e-07
-0.106444403529167
-0.154113620519638
6.51925802230835e-08
0.106444388628006
-0.308227181434631
1.19209289550781e-07
-0.106444254517555
-0.147127047181129
1.49011611938477e-07
0.106444865465164
-0.280281096696854
2.38418579101562e-07
-0.106444470584393
-0.133787840604782
-1.04308128356934e-07
0.106444269418716
-0.254869401454926
-1.19209289550781e-07
-0.10644443333149
-0.121657676994801
3.72529029846191e-09
0.106444329023361
-0.231761261820793
-8.94069671630859e-08
-0.431181401014328
-0.435364425182343
3.35276126861572e-08
2.70434045791626
2.38714742660522
-8.94069671630859e-08
-2.08616256713867e-07
3.72529029846191e-08
5.40868139266968
4.99282026290894
-0.239500001072884
0.159666657447815
3.72529029846191e-09
3.57627868652344e-07
-0.862362861633301
-0.756019711494446
0
0.212888360023499
-0.223209872841835
1.02445483207703e-08
9.31322574615479e-10
5.58793544769287e-09
-1.78813934326172e-07
-0.212888926267624
-0.117168940603733
4.4703483581543e-08
0.21288937330246
-0.245465070009232
-1.30385160446167e-08
0
0
2.98023223876953e-07
-0.212888926267624
-0.128851503133774
-9.68575477600098e-08
0.212889283895493
-0.269939422607422
-7.45058059692383e-09
-1.86264514923096e-09
5.58793544769287e-09
1.19209289550781e-07
-0.212888807058334
-0.14169842004776
5.21540641784668e-08
0.212889194488525
-0.296854436397552
1.30385160446167e-08
0
1.21071934700012e-08
1.19209289550781e-07
-0.212889313697815
-0.148427814245224
-4.84287738800049e-07
0.212889194488525
-0.296854436397552
1.30385160446167e-08
0
1.21071934700012e-08
1.19209289550781e-07
-0.212888866662979
-0.141698509454727
2.30967998504639e-07
0.212889283895493
-0.269939422607422
-7.45058059692383e-09
-1.86264514923096e-09
5.58793544769287e-09
1.19209289550781e-07
-0.212889015674591
-0.128851398825645
-1.63912773132324e-07
0.21288937330246
-0.245465070009232
-1.30385160446167e-08
0
0
2.98023223876953e-07
-0.212888807058334
-0.117169044911861
-5.96046447753906e-08
0.212888360023499
-0.223209872841835
1.02445483207703e-08
9.31322574615479e-10
5.58793544769287e-09
-1.78813934326172e-07
-0.862363040447235
-0.756019592285156
-5.21540641784668e-08
5.40868139266968
4.99282073974609
0.239500001072884
0.159666657447815
-3.72529029846191e-09
3.57627868652344e-07
-5.96046447753906e-08
-1.89989805221558e-07
2.70434069633484
2.38714718818665
-8.94069671630859e-08
-0.431181311607361
-0.435364365577698
1.37835741043091e-07
0.106444329023361
-0.231761261820793
-8.94069671630859e-08
-0.106444410979748
-0.121657818555832
7.45058059692383e-08
0.106444269418716
-0.254869401454926
-1.19209289550781e-07
-0.106444552540779
-0.133787766098976
-1.78813934326172e-07
0.106444865465164
-0.280281096696854
2.38418579101562e-07
-0.106444284319878
-0.147127017378807
3.53902578353882e-08
0.106444388628006
-0.308227181434631
1.19209289550781e-07
-0.106444403529167
-0.154113620519638
6.51925802230835e-08
0.106444388628006
-0.308227181434631
1.19209289550781e-07
-0.106444254517555
-0.147127047181129
1.49011611938477e-07
0.106444865465164
-0.280281096696854
2.38418579101562e-07
-0.106444470584393
-0.133787840604782
-1.04308128356934e-07
0.106444269418716
-0.254869401454926
-1.19209289550781e-07
-0.10644443333149
-0.121657676994801
3.72529029846191e-09
0.106444329023361
-0.231761261820793
-8.94069671630859e-08
-0.431181401014328
-0.435364425182343
3.35276126861572e-08
2.70434045791626
2.38714742660522
-8.94069671630859e-08
-2.08616256713867e-07
3.72529029846191e-08
5.40868139266968
4.99282026290894
-0.239500001072884
0.159666657447815
3.72529029846191e-09
3.57627868652344e-07
-0.862362861633301
-0.756019711494446
0
0.212888360023499
-0.223209872841835
1.02445483207703e-08
9.31322574615479e-10
5.58793544769287e-09
-1.78813934326172e-07
-0.212888926267624
-0.117168940603733
4.4703483581543e-08
0.21288937330246
-0.245465070009232
-1.30385160446167e-08
0
0
2.98023223876953e-07
-0.212888926267624
-0.128851503133774
-9.68575477600098e-08
0.212889283895493
-0.269939422607422
-7.45058059692383e-09
-1.86264514923096e-09
5.58793544769287e-09
1.19209289550781e-07
-0.212888807058334
-0.14169842004776
5.21540641784668e-08
0.212889194488525
-0.296854436397552
1.30385160446167e-08
0
1.21071934700012e-08
1.19209289550781e-07
-0.212889313697815
-0.148427814245224
-4.84287738800049e-07
0.212889194488525
-0.296854436397552
1.30385160446167e-08
0
1.21071934700012e-08
1.19209289550781e-07
-0.212888866662979
-0.141698509454727
2.30967998504639e-07
0.212889283895493
-0.269939422607422
-7.45058059692383e-09
-1.86264514923096e-09
5.58793544769287e-09
1.19209289550781e-07
-0.212889015674591
-0.128851398825645
-1.63912773132324e-07
0.21288937330246
-0.245465070009232
-1.30385160446167e-08
0
0
2.98023223876953e-07
-0.212888807058334
-0.117169044911861
-5.96046447753906e-08
0.212888360023499
-0.223209872841835
1.02445483207703e-08
9.31322574615479e-10
5.58793544769287e-09
-1.78813934326172e-07
-0.862363040447235
-0.756019592285156
-5.21540641784668e-08
5.40868139266968
4.99282073974609
0.239500001072884
0.159666657447815
-3.72529029846191e-09
3.57627868652344e-07
-5.96046447753906e-08
-5.96046447753906e-08
5.41136264801025
4.84957695007324
2.38418579101562e-07
-0.86279022693634
-0.832886040210724
7.45058059692383e-09
0.212994456291199
-0.383569180965424
-3.57627868652344e-07
-0.21299447119236
-0.201345697045326
-3.5017728805542e-07
0.21299421787262
-0.421812981367111
0
-0.212994068861008
-0.221420556306839
3.94880771636963e-07
0.212994575500488
-0.463870286941528
4.76837158203125e-07
-0.212994262576103
-0.243497923016548
-1.78813934326172e-07
0.21299409866333
-0.510121583938599
-4.76837158203125e-07
-0.212994620203972
-0.255061119794846
-3.27825546264648e-07
0.21299409866333
-0.510121583938599
-4.76837158203125e-07
-0.212994307279587
-0.243498057126999
-2.01165676116943e-07
0.212994575500488
-0.463870286941528
4.76837158203125e-07
-0.212993994355202
-0.221420660614967
1.86264514923096e-07
0.21299421787262
-0.421812981367111
0
-0.212994545698166
-0.201345652341843
-1.71363353729248e-07
0.212994456291199
-0.383569180965424
-3.57627868652344e-07
-0.86279034614563
-0.832885801792145
2.98023223876953e-07
5.41136264801025
4.84957647323608
2.38418579101562e-07
-5.96046447753906e-08
3.87430191040039e-07
16.2367744445801
14.8425359725952
-0.718975007534027
0.479316651821136
-7.45058059692383e-09
9.5367431640625e-07
-2.58879899978638
-2.34610795974731
3.42726707458496e-07
0.639088869094849
-0.830440759658813
-1.9557774066925e-08
2.79396772384644e-09
1.86264514923096e-09
-2.38418579101562e-07
-0.639088273048401
-0.43591895699501
5.0663948059082e-07
0.639086723327637
-0.913242280483246
5.58793544769287e-09
-1.86264514923096e-09
-1.11758708953857e-08
-9.5367431640625e-07
-0.639088988304138
-0.479383528232574
2.08616256713867e-07
0.639087915420532
-1.00429701805115
1.11758708953857e-08
-3.72529029846191e-09
1.86264514923096e-09
-4.76837158203125e-07
-0.639088928699493
-0.527181386947632
1.04308128356934e-06
0.63908839225769
-1.10443115234375
-5.58793544769287e-09
1.86264514923096e-09
-2.79396772384644e-09
-3.57627868652344e-07
-0.639088928699493
-0.552215456962585
-2.68220901489258e-07
0.63908839225769
-1.10443115234375
-5.58793544769287e-09
1.86264514923096e-09
-2.79396772384644e-09
-3.57627868652344e-07
-0.639088273048401
-0.527180910110474
6.85453414916992e-07
0.639087915420532
-1.00429701805115
1.11758708953857e-08
-3.72529029846191e-09
1.86264514923096e-09
-4.76837158203125e-07
-0.63908863067627
-0.479383915662766
6.25848770141602e-07
0.639086723327637
-0.913242280483246
5.58793544769287e-09
-1.86264514923096e-09
-1.11758708953857e-08
-9.5367431640625e-07
-0.639088571071625
-0.435918927192688
2.23517417907715e-07
0.639088869094849
-0.830440759658813
-1.9557774066925e-08
2.79396772384644e-09
1.86264514923096e-09
-2.38418579101562e-07
-2.58879923820496
-2.346107006073
-2.08616256713867e-07
16.2367706298828
14.8425340652466
0.718975007534027
0.479316651821136
-7.45058059692383e-09
9.5367431640625e-07
7.15255737304688e-07
-2.98023223876953e-07
8.11838531494141
7.31200504302979
-2.38418579101562e-07
-1.29439997673035
-1.23040866851807
-5.88595867156982e-07
0.319544732570648
-0.535375893115997
-3.57627868652344e-07
-0.319544196128845
-0.281032830476761
2.45869159698486e-07
0.319544196128845
-0.58875697851181
2.38418579101562e-07
-0.319544047117233
-0.309053391218185
6.33299350738525e-07
0.319544315338135
-0.647459864616394
2.38418579101562e-07
-0.319544613361359
-0.339868634939194
5.96046447753906e-08
0.319544076919556
-0.712015390396118
-7.15255737304688e-07
-0.319544732570648
-0.356008142232895
-5.66244125366211e-07
0.319544076919556
-0.712015390396118
-7.15255737304688e-07
-0.319544285535812
-0.339868724346161
-2.01165676116943e-07
0.319544315338135
-0.647459864616394
2.38418579101562e-07
-0.319544076919556
-0.30905357003212
5.43892383575439e-07
0.319544196128845
-0.58875697851181
2.38418579101562e-07
-0.319544106721878
-0.281032890081406
1.86264514923096e-07
0.319544732570648
-0.535375893115997
-3.57627868652344e-07
-1.29439997673035
-1.23040819168091
-4.17232513427734e-07
8.11838531494141
7.31200456619263
-2.38418579101562e-07
-5.36441802978516e-07
3.87430191040039e-07
16.2367744445801
14.8425359725952
-0.718975007534027
0.479316651821136
-7.45058059692383e-09
9.5367431640625e-07
-2.58879899978638
-2.34610795974731
3.42726707458496e-07
0.639088869094849
-0.830440759658813
-1.9557774066925e-08
2.79396772384644e-09
1.86264514923096e-09
-2.38418579101562e-07
-0.639088273048401
-0.43591895699501
5.0663948059082e-07
0.639086723327637
-0.913242280483246
5.58793544769287e-09
-1.86264514923096e-09
-1.11758708953857e-08
-9.5367431640625e-07
-0.639088988304138
-0.479383528232574
2.08616256713867e-07
0.639087915420532
-1.00429701805115
1.11758708953857e-08
-3.72529029846191e-09
1.86264514923096e-09
-4.76837158203125e-07
-0.639088928699493
-0.527181386947632
1.04308128356934e-06
0.63908839225769
-1.10443115234375
-5.58793544769287e-09
1.86264514923096e-09
-2.79396772384644e-09
-3.57627868652344e-07
-0.639088928699493
-0.552215456962585
-2.68220901489258e-07
0.63908839225769
-1.10443115234375
-5.58793544769287e-09
1.86264514923096e-09
-2.79396772384644e-09
-3.57627868652344e-07
-0.639088273048401
-0.527180910110474
6.85453414916992e-07
0.639087915420532
-1.00429701805115
1.11758708953857e-08
-3.72529029846191e-09
1.86264514923096e-09
-4.76837158203125e-07
-0.63908863067627
-0.479383915662766
6.25848770141602e-07
0.639086723327637
-0.913242280483246
5.58793544769287e-09
-1.86264514923096e-09
-1.11758708953857e-08
-9.5367431640625e-07
-0.639088571071625
-0.435918927192688
2.23517417907715e-07
0.639088869094849
-0.830440759658813
-1.9557774066925e-08
2.79396772384644e-09
1.86264514923096e-09
-2.38418579101562e-07
-2.58879923820496
-2.346107006073
-2.08616256713867e-07
16.2367706298828
14.8425340652466
0.718975007534027
0.479316651821136
-7.45058059692383e-09
9.5367431640625e-07
7.15255737304688e-07
-2.98023223876953e-07
8.11838531494141
7.31200504302979
-2.38418579101562e-07
-1.29439997673035
-1.23040866851807
-5.88595867156982e-07
0.319544732570648
-0.535375893115997
-3.57627868652344e-07
-0.319544196128845
-0.281032830476761
2.45869159698486e-07
0.319544196128845
-0.58875697851181
2.38418579101562e-07
-0.319544047117233
-0.309053391218185
6.33299350738525e-07
0.319544315338135
-0.647459864616394
2.38418579101562e-07
-0.319544613361359
-0.339868634939194
5.96046447753906e-08
0.319544076919556
-0.712015390396118
-7.15255737304688e-07
-0.319544732570648
-0.356008142232895
-5.66244125366211e-07
0.319544076919556
-0.712015390396118
-7.15255737304688e-07
-0.319544285535812
-0.339868724346161
-2.01165676116943e-07
0.319544315338135
-0.647459864616394
2.38418579101562e-07
-0.319544076919556
-0.30905357003212
5.43892383575439e-07
0.319544196128845
-0.58875697851181
2.38418579101562e-07
-0.319544106721878
-0.281032890081406
1.86264514923096e-07
0.319544732570648
-0.535375893115997
-3.57627868652344e-07
-1.29439997673035
-1.23040819168091
-4.17232513427734e-07
8.11838531494141
7.31200456619263
-2.38418579101562e-07
-5.36441802978516e-07
3.87430191040039e-07
16.2367744445801
14.8425359725952
-0.718975007534027
0.479316651821136
-7.45058059692383e-09
9.5367431640625e-07
-2.58879899978638
-2.34610795974731
3.42726707458496e-07
0.639088869094849
-0.830440759658813
-1.9557774066925e-08
2.79396772384644e-09
1.86264514923096e-09
-2.38418579101562e-07
-0.639088273048401
-0.43591895699501
5.0663948059082e-07
0.639086723327637
-0.913242280483246
5.58793544769287e-09
-1.86264514923096e-09
-1.11758708953857e-08
-9.5367431640625e-07
-0.639088988304138
-0.479383528232574
2.08616256713867e-07
0.639087915420532
-1.00429701805115
1.11758708953857e-08
-3.72529029846191e-09
1.86264514923096e-09
-4.76837158203125e-07
-0.639088928699493
-0.527181386947632
1.04308128356934e-06
0.63908839225769
-1.10443115234375
-5.58793544769287e-09
1.86264514923096e-09
-2.79396772384644e-09
-3.57627868652344e-07
-0.639088928699493
-0.552215456962585
-2.68220901489258e-07
0.63908839225769
-1.10443115234375
-5.58793544769287e-09
1.86264514923096e-09
-2.79396772384644e-09
-3.57627868652344e-07
-0.639088273048401
-0.527180910110474
6.85453414916992e-07
0.639087915420532
-1.00429701805115
1.11758708953857e-08
-3.72529029846191e-09
1.86264514923096e-09
-4.76837158203125e-07
-0.63908863067627
-0.479383915662766
6.25848770141602e-07
0.639086723327637
-0.913242280483246
5.58793544769287e-09
-1.86264514923096e-09
-1.11758708953857e-08
-9.5367431640625e-07
-0.639088571071625
-0.435918927192688
2.23517417907715e-07
0.639088869094849
-0.830440759658813
-1.9557774066925e-08
2.79396772384644e-09
1.86264514923096e-09
-2.38418579101562e-07
-2.58879923820496
-2.346107006073
-2.08616256713867e-07
16.2367706298828
14.8425340652466
0.718975007534027
0.479316651821136
-7.45058059692383e-09
9.5367431640625e-07
7.15255737304688e-07
-2.98023223876953e-07
8.11838531494141
7.31200504302979
-2.38418579101562e-07
-1.29439997673035
-1.23040866851807
-5.88595867156982e-07
0.319544732570648
-0.535375893115997
-3.57627868652344e-07
-0.319544196128845
-0.281032830476761
2.45869159698486e-07
0.319544196128845
-0.58875697851181
2.38418579101562e-07
-0.319544047117233
-0.309053391218185
6.33299350738525e-07
0.319544315338135
-0.647459864616394
2.38418579101562e-07
-0.319544613361359
-0.339868634939194
5.96046447753906e-08
0.319544076919556
-0.712015390396118
-7.15255737304688e-07
-0.319544732570648
-0.356008142232895
-5.66244125366211e-07
0.319544076919556
-0.712015390396118
-7.15255737304688e-07
-0.319544285535812
-0.339868724346161
-2.01165676116943e-07
0.319544315338135
-0.647459864616394
2.38418579101562e-07
-0.319544076919556
-0.30905357003212
5.43892383575439e-07
0.319544196128845
-0.58875697851181
2.38418579101562e-07
-0.319544106721878
-0.281032890081406
1.86264514923096e-07
0.319544732570648
-0.535375893115997
-3.57627868652344e-07
-1.29439997673035
-1.23040819168091
-4.17232513427734e-07
8.11838531494141
7.31200456619263
-2.38418579101562e-07
-5.36441802978516e-07
3.87430191040039e-07
16.2367744445801
14.8425359725952
-0.718975007534027
0.479316651821136
-7.45058059692383e-09
9.5367431640625e-07
-2.58879899978638
-2.34610795974731
3.42726707458496e-07
0.639088869094849
-0.830440759658813
-1.9557774066925e-08
2.79396772384644e-09
1.86264514923096e-09
-2.38418579101562e-07
-0.639088273048401
-0.43591895699501
5.0663948059082e-07
0.639086723327637
-0.913242280483246
5.58793544769287e-09
-1.86264514923096e-09
-1.11758708953857e-08
-9.5367431640625e-07
-0.639088988304138
-0.479383528232574
2.08616256713867e-07
0.639087915420532
-1.00429701805115
1.11758708953857e-08
-3.72529029846191e-09
1.86264514923096e-09
-4.76837158203125e-07
-0.639088928699493
-0.527181386947632
1.04308128356934e-06
0.63908839225769
-1.10443115234375
-5.58793544769287e-09
1.86264514923096e-09
-2.79396772384644e-09
-3.57627868652344e-07
-0.639088928699493
-0.552215456962585
-2.68220901489258e-07
0.63908839225769
-1.10443115234375
-5.58793544769287e-09
1.86264514923096e-09
-2.79396772384644e-09
-3.57627868652344e-07
-0.639088273048401
-0.527180910110474
6.85453414916992e-07
0.639087915420532
-1.00429701805115
1.11758708953857e-08
-3.72529029846191e-09
1.86264514923096e-09
-4.76837158203125e-07
-0.63908863067627
-0.479383915662766
6.25848770141602e-07
0.639086723327637
-0.913242280483246
5.58793544769287e-09
-1.86264514923096e-09
-1.11758708953857e-08
-9.5367431640625e-07
-0.639088571071625
-0.435918927192688
2.23517417907715e-07
0.639088869094849
-0.830440759658813
-1.9557774066925e-08
2.79396772384644e-09
1.86264514923096e-09
-2.38418579101562e-07
-2.58879923820496
-2.346107006073
-2.08616256713867e-07
16.2367706298828
14.8425340652466
0.718975007534027
0.479316651821136
-7.45058059692383e-09
9.5367431640625e-07
7.15255737304688e-07
-2.98023223876953e-07
8.11838531494141
7.31200504302979
-2.38418579101562e-07
-1.29439997673035
-1.23040866851807
-5.88595867156982e-07
0.319544732570648
-0.535375893115997
-3.57627868652344e-07
-0.319544196128845
-0.281032830476761
2.45869159698486e-07
0.319544196128845
-0.58875697851181
2.38418579101562e-07
-0.319544047117233
-0.309053391218185
6.33299350738525e-07
0.319544315338135
-0.647459864616394
2.38418579101562e-07
-0.319544613361359
-0.339868634939194
5.96046447753906e-08
0.319544076919556
-0.712015390396118
-7.15255737304688e-07
-0.319544732570648
-0.356008142232895
-5.66244125366211e-07
0.319544076919556
-0.712015390396118
-7.15255737304688e-07
-0.319544285535812
-0.339868724346161
-2.01165676116943e-07
0.319544315338135
-0.647459864616394
2.38418579101562e-07
-0.319544076919556
-0.30905357003212
5.43892383575439e-07
0.319544196128845
-0.58875697851181
2.38418579101562e-07
-0.319544106721878
-0.281032890081406
1.86264514923096e-07
0.319544732570648
-0.535375893115997
-3.57627868652344e-07
-1.29439997673035
-1.23040819168091
-4.17232513427734e-07
8.11838531494141
7.31200456619263
-2.38418579101562e-07
-5.36441802978516e-07
3.87430191040039e-07
16.2367744445801
14.8425359725952
-0.718975007534027
0.479316651821136
-7.45058059692383e-09
9.5367431640625e-07
-2.58879899978638
-2.34610795974731
3.42726707458496e-07
0.639088869094849
-0.830440759658813
-1.9557774066925e-08
2.79396772384644e-09
1.86264514923096e-09
-2.38418579101562e-07
-0.639088273048401
-0.43591895699501
5.0663948059082e-07
0.639086723327637
-0.913242280483246
5.58793544769287e-09
-1.86264514923096e-09
-1.11758708953857e-08
-9.5367431640625e-07
-0.639088988304138
-0.479383528232574
2.08616256713867e-07
0.639087915420532
-1.00429701805115
1.11758708953857e-08
-3.72529029846191e-09
1.86264514923096e-09
-4.76837158203125e-07
-0.639088928699493
-0.527181386947632
1.04308128356934e-06
0.63908839225769
-1.10443115234375
-5.58793544769287e-09
1.86264514923096e-09
-2.79396772384644e-09
-3.57627868652344e-07
-0.639088928699493
-0.552215456962585
-2.68220901489258e-07
0.63908839225769
-1.10443115234375
-5.58793544769287e-09
1.86264514923096e-09
-2.79396772384644e-09
-3.57627868652344e-07
-0.639088273048401
-0.527180910110474
6.85453414916992e-07
0.639087915420532
-1.00429701805115
1.11758708953857e-08
-3.72529029846191e-09
1.86264514923096e-09
-4.76837158203125e-07
-0.63908863067627
-0.479383915662766
6.25848770141602e-07
0.639086723327637
-0.913242280483246
5.58793544769287e-09
-1.86264514923096e-09
-1.11758708953857e-08
-9.5367431640625e-07
-0.639088571071625
-0.435918927192688
2.23517417907715e-07
0.639088869094849
-0.830440759658813
-1.9557774066925e-08
2.79396772384644e-09
1.86264514923096e-09
-2.38418579101562e-07
-2.58879923820496
-2.346107006073
-2.08616256713867e-07
16.2367706298828
14.8425340652466
0.718975007534027
0.479316651821136
-7.45058059692383e-09
9.5367431640625e-07
7.15255737304688e-07
-2.98023223876953e-07
8.11838531494141
7.31200504302979
-2.38418579101562e-07
-1.29439997673035
-1.23040866851807
-5.88595867156982e-07
0.319544732570648
-0.535375893115997
-3.57627868652344e-07
-0.319544196128845
-0.281032830476761
2.45869159698486e-07
0.319544196128845
-0.58875697851181
2.38418579101562e-07
-0.319544047117233
-0.309053391218185
6.33299350738525e-07
0.319544315338135
-0.647459864616394
2.38418579101562e-07
-0.319544613361359
-0.339868634939194
5.96046447753906e-08
0.319544076919556
-0.712015390396118
-7.15255737304688e-07
-0.319544732570648
-0.356008142232895
-5.66244125366211e-07
0.319544076919556
-0.712015390396118
-7.15255737304688e-07
-0.319544285535812
-0.339868724346161
-2.01165676116943e-07
0.319544315338135
-0.647459864616394
2.38418579101562e-07
-0.319544076919556
-0.30905357003212
5.43892383575439e-07
0.319544196128845
-0.58875697851181
2.38418579101562e-07
-0.319544106721878
-0.281032890081406
1.86264514923096e-07
0.319544732570648
-0.535375893115997
-3.57627868652344e-07
-1.29439997673035
-1.23040819168091
-4.17232513427734e-07
8.11838531494141
7.31200456619263
-2.38418579101562e-07
-5.36441802978516e-07
3.87430191040039e-07
16.2367744445801
14.8425359725952
-0.718975007534027
0.479316651821136
-7.45058059692383e-09
9.5367431640625e-07
-2.58879899978638
-2.34610795974731
3.42726707458496e-07
0.639088869094849
-0.830440759658813
-1.9557774066925e-08
2.79396772384644e-09
1.86264514923096e-09
-2.38418579101562e-07
-0.639088273048401
-0.43591895699501
5.0663948059082e-07
0.639086723327637
-0.913242280483246
5.58793544769287e-09
-1.86264514923096e-09
-1.11758708953857e-08
-9.5367431640625e-07
-0.639088988304138
-0.479383528232574
2.08616256713867e-07
0.639087915420532
-1.00429701805115
1.11758708953857e-08
-3.72529029846191e-09
1.86264514923096e-09
-4.76837158203125e-07
-0.639088928699493
-0.527181386947632
1.04308128356934e-06
0.63908839225769
-1.10443115234375
-5.58793544769287e-09
1.86264514923096e-09
-2.79396772384644e-09
-3.57627868652344e-07
-0.639088928699493
-0.552215456962585
-2.68220901489258e-07
0.63908839225769
-1.10443115234375
-5.58793544769287e-09
1.86264514923096e-09
-2.79396772384644e-09
-3.57627868652344e-07
-0.639088273048401
-0.527180910110474
6.85453414916992e-07
0.639087915420532
-1.00429701805115
1.11758708953857e-08
-3.72529029846191e-09
1.86264514923096e-09
-4.76837158203125e-07
-0.63908863067627
-0.479383915662766
6.25848770141602e-07
0.639086723327637
-0.913242280483246
5.58793544769287e-09
-1.86264514923096e-09
-1.11758708953857e-08
-9.5367431640625e-07
-0.639088571071625
-0.435918927192688
2.23517417907715e-07
0.639088869094849
-0.830440759658813
-1.9557774066925e-08
2.79396772384644e-09
1.86264514923096e-09
-2.38418579101562e-07
-2.58879923820496
-2.346107006073
-2.08616256713867e-07
16.2367706298828
14.8425340652466
0.718975007534027
0.479316651821136
-7.45058059692383e-09
9.5367431640625e-07
7.15255737304688e-07
-2.98023223876953e-07
8.11838531494141
7.31200504302979
-2.38418579101562e-07
-1.29439997673035
-1.23040866851807
-5.88595867156982e-07
0.319544732570648
-0.535375893115997
-3.57627868652344e-07
-0.319544196128845
-0.281032830476761
2.45869159698486e-07
0.319544196128845
-0.58875697851181
2.38418579101562e-07
-0.319544047117233
-0.309053391218185
6.33299350738525e-07
0.319544315338135
-0.647459864616394
2.38418579101562e-07
-0.319544613361359
-0.339868634939194
5.96046447753906e-08
0.319544076919556
-0.712015390396118
-7.15255737304688e-07
-0.319544732570648
-0.356008142232895
-5.66244125366211e-07
0.319544076919556
-0.712015390396118
-7.15255737304688e-07
-0.319544285535812
-0.339868724346161
-2.01165676116943e-07
0.319544315338135
-0.647459864616394
2.38418579101562e-07
-0.319544076919556
-0.30905357003212
5.43892383575439e-07
0.319544196128845
-0.58875697851181
2.38418579101562e-07
-0.319544106721878
-0.281032890081406
1.86264514923096e-07
0.319544732570648
-0.535375893115997
-3.57627868652344e-07
-1.29439997673035
-1.23040819168091
-4.17232513427734e-07
8.11838531494141
7.31200456619263
-2.38418579101562e-07
-5.36441802978516e-07
3.87430191040039e-07
16.2367744445801
14.8425359725952
-0.718975007534027
0.479316651821136
-7.45058059692383e-09
9.5367431640625e-07
-2.58879899978638
-2.34610795974731
3.42726707458496e-07
0.639088869094849
-0.830440759658813
-1.9557774066925e-08
2.79396772384644e-09
1.86264514923096e-09
-2.38418579101562e-07
-0.639088273048401
-0.43591895699501
5.0663948059082e-07
0.639086723327637
-0.913242280483246
5.58793544769287e-09
-1.86264514923096e-09
-1.11758708953857e-08
-9.5367431640625e-07
-0.639088988304138
-0.479383528232574
2.08616256713867e-07
0.639087915420532
-1.00429701805115
1.11758708953857e-08
-3.72529029846191e-09
1.86264514923096e-09
-4.76837158203125e-07
-0.639088928699493
-0.527181386947632
1.04308128356934e-06
0.63908839225769
-1.10443115234375
-5.58793544769287e-09
1.86264514923096e-09
-2.79396772384644e-09
-3.57627868652344e-07
-0.639088928699493
-0.552215456962585
-2.68220901489258e-07
0.63908839225769
-1.10443115234375
-5.58793544769287e-09
1.86264514923096e-09
-2.79396772384644e-09
-3.57627868652344e-07
-0.639088273048401
-0.527180910110474
6.85453414916992e-07
0.639087915420532
-1.00429701805115
1.11758708953857e-08
-3.72529029846191e-09
1.86264514923096e-09
-4.76837158203125e-07
-0.63908863067627
-0.479383915662766
6.25848770141602e-07
0.639086723327637
-0.913242280483246
5.58793544769287e-09
-1.86264514923096e-09
-1.11758708953857e-08
-9.5367431640625e-07
-0.639088571071625
-0.435918927192688
2.23517417907715e-07
0.639088869094849
-0.830440759658813
-1.9557774066925e-08
2.79396772384644e-09
1.86264514923096e-09
-2.38418579101562e-07
-2.58879923820496
-2.346107006073
-2.08616256713867e-07
16.2367706298828
14.8425340652466
0.718975007534027
0.479316651821136
-7.45058059692383e-09
9.5367431640625e-07
7.15255737304688e-07
-2.98023223876953e-07
8.11838531494141
7.31200504302979
-2.38418579101562e-07
-1.29439997673035
-1.23040866851807
-5.88595867156982e-07
0.319544732570648
-0.535375893115997
-3.57627868652344e-07
-0.319544196128845
-0.281032830476761
2.45869159698486e-07
0.319544196128845
-0.58875697851181
2.38418579101562e-07
-0.319544047117233
-0.309053391218185
6.33299350738525e-07
0.319544315338135
-0.647459864616394
2.38418579101562e-07
-0.319544613361359
-0.339868634939194
5.96046447753906e-08
0.319544076919556
-0.712015390396118
-7.15255737304688e-07
-0.319544732570648
-0.356008142232895
-5.66244125366211e-07
0.319544076919556
-0.712015390396118
-7.15255737304688e-07
-0.319544285535812
-0.339868724346161
-2.01165676116943e-07
0.319544315338135
-0.647459864616394
2.38418579101562e-07
-0.319544076919556
-0.30905357003212
5.43892383575439e-07
0.319544196128845
-0.58875697851181
2.38418579101562e-07
-0.319544106721878
-0.281032890081406
1.86264514923096e-07
0.319544732570648
-0.535375893115997
-3.57627868652344e-07
-1.29439997673035
-1.23040819168091
-4.17232513427734e-07
8.11838531494141
7.31200456619263
-2.38418579101562e-07
-5.36441802978516e-07
3.87430191040039e-07
16.2367744445801
14.8425359725952
-0.718975007534027
0.479316651821136
-7.45058059692383e-09
9.5367431640625e-07
-2.58879899978638
-2.34610795974731
3.42726707458496e-07
0.639088869094849
-0.830440759658813
-1.9557774066925e-08
2.79396772384644e-09
1.86264514923096e-09
-2.38418579101562e-07
-0.639088273048401
-0.43591895699501
5.0663948059082e-07
0.639086723327637
-0.913242280483246
5.58793544769287e-09
-1.86264514923096e-09
-1.11758708953857e-08
-9.5367431640625e-07
-0.639088988304138
-0.479383528232574
2.08616256713867e-07
0.639087915420532
-1.00429701805115
1.11758708953857e-08
-3.72529029846191e-09
1.86264514923096e-09
-4.76837158203125e-07
-0.639088928699493
-0.527181386947632
1.04308128356934e-06
0.63908839225769
-1.10443115234375
-5.58793544769287e-09
1.86264514923096e-09
-2.79396772384644e-09
-3.57627868652344e-07
-0.639088928699493
-0.552215456962585
-2.68220901489258e-07
0.63908839225769
-1.10443115234375
-5.58793544769287e-09
1.86264514923096e-09
-2.79396772384644e-09
-3.57627868652344e-07
-0.639088273048401
-0.527180910110474
6.85453414916992e-07
0.639087915420532
-1.00429701805115
1.11758708953857e-08
-3.72529029846191e-09
1.86264514923096e-09
-4.76837158203125e-07
-0.63908863067627
-0.479383915662766
6.25848770141602e-07
0.639086723327637
-0.913242280483246
5.58793544769287e-09
-1.86264514923096e-09
-1.11758708953857e-08
-9.5367431640625e-07
-0.639088571071625
-0.435918927192688
2.23517417907715e-07
0.639088869094849
-0.830440759658813
-1.9557774066925e-08
2.79396772384644e-09
1.86264514923096e-09
-2.38418579101562e-07
-2.58879923820496
-2.346107006073
-2.08616256713867e-07
16.2367706298828
14.8425340652466
0.718975007534027
0.479316651821136
-7.45058059692383e-09
9.5367431640625e-07
7.15255737304688e-07
1.49011611938477e-08
7.28605365753174
6.60209131240845
-5.96046447753906e-08
-1.14432108402252
-1.09739005565643
-8.04662704467773e-07
0.266216844320297
-0.459397256374359
-2.98023223876953e-07
-0.266216337680817
-0.241149500012398
4.95463609695435e-07
0.266216218471527
-0.505202770233154
-1.78813934326172e-07
-0.266216605901718
-0.265194147825241
-4.4703483581543e-08
0.266216635704041
-0.5555739402771
1.19209289550781e-07
-0.266216933727264
-0.291635990142822
-2.16066837310791e-07
0.266216218471527
-0.61096853017807
-1.19209289550781e-07
-0.26621687412262
-0.305484503507614
-2.75671482086182e-07
0.266216218471527
-0.61096853017807
-1.19209289550781e-07
-0.266216784715652
-0.291635721921921
-1.34110450744629e-07
0.266216635704041
-0.5555739402771
1.19209289550781e-07
-0.266216695308685
-0.265194237232208
4.84287738800049e-08
0.266216218471527
-0.505202770233154
-1.78813934326172e-07
-0.266216516494751
-0.241149291396141
8.34465026855469e-07
0.266216844320297
-0.459397256374359
-2.98023223876953e-07
-1.14432144165039
-1.09738993644714
-7.0035457611084e-07
7.28605318069458
6.60209178924561
-5.96046447753906e-08
8.94069671630859e-08
3.12924385070801e-07
9.75199508666992
8.84743118286133
-0.412824481725693
0.279768884181976
0.0707281678915024
1.66893005371094e-06
-1.58339905738831
-1.4089492559433
6.40749931335449e-07
0.425777792930603
-0.526523470878601
2.79396772384644e-09
-9.31322574615479e-10
1.86264514923096e-09
4.76837158203125e-07
-0.425777584314346
-0.276386052370071
3.57627868652344e-07
0.425778031349182
-0.579022109508514
-9.31322574615479e-09
1.86264514923096e-09
1.11758708953857e-08
2.38418579101562e-07
-0.425777852535248
-0.30394434928894
2.98023223876953e-07
0.425777792930603
-0.636753916740417
3.72529029846191e-09
0
1.86264514923096e-09
0
-0.425777971744537
-0.334249496459961
-3.79979610443115e-07
0.425777912139893
-0.700241804122925
2.42143869400024e-08
-1.86264514923096e-09
4.65661287307739e-09
4.76837158203125e-07
-0.42577713727951
-0.350121200084686
6.92903995513916e-07
0.425777912139893
-0.700241804122925
2.42143869400024e-08
-1.86264514923096e-09
4.65661287307739e-09
4.76837158203125e-07
-0.425778210163116
-0.334249317646027
-2.38418579101562e-07
0.425777792930603
-0.636753916740417
3.72529029846191e-09
0
1.86264514923096e-09
0
-0.42577788233757
-0.303943991661072
2.38418579101562e-07
0.425778031349182
-0.579022109508514
-9.31322574615479e-09
1.86264514923096e-09
1.11758708953857e-08
2.38418579101562e-07
-0.425777614116669
-0.276386469602585
2.23517417907715e-07
0.425777792930603
-0.526523470878601
2.79396772384644e-09
-9.31322574615479e-10
1.86264514923096e-09
4.76837158203125e-07
-1.58339929580688
-1.40894889831543
6.70552253723145e-07
9.75199508666992
8.84743213653564
0.385508924722672
0.252453327178955
-0.0889385193586349
1.66893005371094e-06
5.96046447753906e-08
-0.283851146697998
-0.43387758731842
-7.45058059692383e-08
0.657893180847168
0.322490006685257
-2.38418579101562e-07
-0.187924101948738
-0.200304180383682
-8.94069671630859e-08
0.106444239616394
-0.251787573099136
-3.57627868652344e-07
-0.106444776058197
-0.130672574043274
-5.96046447753906e-08
0.106444239616394
-0.276892423629761
-1.19209289550781e-07
-0.106444492936134
-0.143701240420341
5.96046447753906e-08
0.106444478034973
-0.304500043392181
1.19209289550781e-07
-0.106444358825684
-0.158028870820999
8.94069671630859e-08
0.106444478034973
-0.334860622882843
-1.19209289550781e-07
-0.106444358825684
-0.167430311441422
-1.49011611938477e-07
0.106444478034973
-0.334860622882843
-1.19209289550781e-07
-0.106444373726845
-0.16165117919445
1.78813934326172e-07
0.106444478034973
-0.304500043392181
1.19209289550781e-07
-0.106444418430328
-0.146994709968567
5.96046447753906e-08
0.106444239616394
-0.276892423629761
-1.19209289550781e-07
-0.106444671750069
-0.13366773724556
-8.94069671630859e-08
0.106444239616394
-0.251787573099136
-3.57627868652344e-07
-0.187923923134804
-0.203027844429016
-1.9371509552002e-07
0.657893180847168
0.322489768266678
0
-0.603184461593628
-0.461193025112152
-1.19209289550781e-07
