-0.02
-0.01
-0.01
-0.01
-0.01
-0.01
-0.01
-0.01
-0.01
-0.01
-0.01
-0.01
-0.00
-0.01
-0.00
-0.01
-0.00
-0.01
-0.00
-0.01
0.02
-0.11
10.14
-0.42
0.09
-0.40
0.27
-0.08
0.37
-1.37
-0.22
0.19
0.87
-0.47
0.00
-0.00
0.00
0.41
-0.20
-0.24
0.21
0.91
-0.51
-0.00
-0.00
-0.00
0.45
-0.17
-0.27
0.24
0.96
-0.56
-0.00
-0.00
0.00
0.49
-0.15
-0.30
0.26
1.01
-0.62
-0.00
0.00
0.00
0.54
-0.13
-0.31
0.27
1.01
-0.62
-0.00
0.00
0.00
0.54
-0.15
-0.30
0.26
0.96
-0.56
-0.00
-0.00
0.00
0.49
-0.17
-0.27
0.24
0.91
-0.51
-0.00
-0.00
-0.00
0.45
-0.20
-0.24
0.21
0.87
-0.47
0.00
-0.00
0.00
0.41
-1.37
-0.25
-0.96
10.14
-0.37
0.40
0.27
0.08
9.69
-0.01
0.36
-0.01
5.88
-0.90
-0.05
-0.96
-0.13
-0.03
0.14
-0.41
-0.06
-0.25
-0.22
-0.03
0.14
-0.46
-0.07
-0.25
-0.24
-0.03
0.13
-0.50
-0.07
-0.26
-0.26
-0.04
0.12
-0.55
-0.08
-0.26
-0.28
-0.04
0.12
-0.55
-0.08
-0.26
-0.26
-0.04
0.13
-0.50
-0.07
-0.25
-0.24
-0.03
0.14
-0.46
-0.07
-0.25
-0.22
-0.03
0.14
-0.41
-0.06
-0.96
-0.15
-0.81
5.88
-0.86
6.19
0.42
-0.98
-0.00
10.82
0.58
-0.47
0.31
0.01
0.00
-1.73
-0.39
0.00
0.43
-0.53
0.00
-0.00
0.00
-0.00
-0.43
-0.28
-0.00
0.43
-0.58
-0.00
-0.00
0.00
-0.00
-0.43
-0.30
-0.00
0.43
-0.64
0.00
-0.00
0.00
0.00
-0.43
-0.33
0.00
0.43
-0.70
0.00
0.00
0.00
-0.00
-0.43
-0.35
0.00
0.43
-0.70
0.00
0.00
0.00
-0.00
-0.43
-0.33
0.00
0.43
-0.64
0.00
-0.00
0.00
0.00
-0.43
-0.30
-0.00
0.43
-0.58
-0.00
-0.00
0.00
-0.00
-0.43
-0.28
-0.00
0.43
-0.53
0.00
-0.00
0.00
-0.00
-1.73
-0.42
-1.16
10.82
0.63
0.49
0.33
0.01
9.33
-0.88
-0.00
3.61
2.66
-0.00
-0.58
-0.49
0.00
0.14
-0.28
0.00
-0.14
-0.15
-0.00
0.14
-0.31
0.00
-0.14
-0.16
-0.00
0.14
-0.34
0.00
-0.14
-0.18
0.00
0.14
-0.38
0.00
-0.14
-0.19
0.00
0.14
-0.38
0.00
-0.14
-0.18
0.00
0.14
-0.34
0.00
-0.14
-0.16
-0.00
0.14
-0.31
0.00
-0.14
-0.15
-0.00
0.14
-0.28
0.00
-0.58
-0.49
-0.08
3.61
2.66
0.55
-0.40
0.00
3.61
3.35
-0.16
0.11
0.00
0.00
-0.58
-0.49
-0.00
0.14
-0.12
0.00
0.00
0.00
-0.00
-0.14
-0.06
-0.00
0.14
-0.13
-0.00
0.00
0.00
-0.00
-0.14
-0.07
-0.00
0.14
-0.15
-0.00
0.00
0.00
-0.00
-0.14
-0.08
-0.00
0.14
-0.16
0.00
0.00
0.00
-0.00
-0.14
-0.08
0.00
0.14
-0.16
0.00
0.00
0.00
-0.00
-0.14
-0.08
-0.00
0.14
-0.15
-0.00
0.00
0.00
-0.00
-0.14
-0.07
-0.00
0.14
-0.13
-0.00
0.00
0.00
-0.00
-0.14
-0.06
-0.00
0.14
-0.12
0.00
0.00
0.00
-0.00
-0.58
-0.49
-0.00
3.61
3.35
0.16
0.11
0.00
0.00
0.00
0.00
1.80
1.57
0.00
-0.29
-0.30
0.00
0.07
-0.18
-0.00
-0.07
-0.10
0.00
0.07
-0.20
0.00
-0.07
-0.10
0.00
0.07
-0.22
-0.00
-0.07
-0.12
0.00
0.07
-0.24
-0.00
-0.07
-0.12
-0.00
0.07
-0.24
-0.00
-0.07
-0.12
0.00
0.07
-0.22
-0.00
-0.07
-0.10
0.00
0.07
-0.20
0.00
-0.07
-0.10
0.00
0.07
-0.18
-0.00
-0.29
-0.30
0.00
1.80
1.57
0.00
0.00
-0.00
3.61
3.35
-0.16
0.11
0.00
0.00
-0.58
-0.49
-0.00
0.14
-0.12
0.00
0.00
0.00
-0.00
-0.14
-0.06
-0.00
0.14
-0.13
-0.00
0.00
0.00
-0.00
-0.14
-0.07
-0.00
0.14
-0.15
-0.00
0.00
0.00
-0.00
-0.14
-0.08
-0.00
0.14
-0.16
0.00
0.00
0.00
-0.00
-0.14
-0.08
0.00
0.14
-0.16
0.00
0.00
0.00
-0.00
-0.14
-0.08
-0.00
0.14
-0.15
-0.00
0.00
0.00
-0.00
-0.14
-0.07
-0.00
0.14
-0.13
-0.00
0.00
0.00
-0.00
-0.14
-0.06
-0.00
0.14
-0.12
0.00
0.00
0.00
-0.00
-0.58
-0.49
-0.00
3.61
3.35
0.16
0.11
0.00
0.00
0.00
0.00
1.80
1.57
0.00
-0.29
-0.30
0.00
0.07
-0.18
-0.00
-0.07
-0.10
0.00
0.07
-0.20
0.00
-0.07
-0.10
0.00
0.07
-0.22
-0.00
-0.07
-0.12
0.00
0.07
-0.24
-0.00
-0.07
-0.12
-0.00
0.07
-0.24
-0.00
-0.07
-0.12
0.00
0.07
-0.22
-0.00
-0.07
-0.10
0.00
0.07
-0.20
0.00
-0.07
-0.10
0.00
0.07
-0.18
-0.00
-0.29
-0.30
0.00
1.80
1.57
0.00
0.00
0.00
3.61
3.35
-0.16
0.11
0.00
0.00
-0.58
-0.49
-0.00
0.14
-0.12
0.00
0.00
0.00
-0.00
-0.14
-0.06
-0.00
0.14
-0.13
-0.00
0.00
0.00
-0.00
-0.14
-0.07
-0.00
0.14
-0.15
-0.00
0.00
0.00
-0.00
-0.14
-0.08
-0.00
0.14
-0.16
0.00
0.00
0.00
-0.00
-0.14
-0.08
0.00
0.14
-0.16
0.00
0.00
0.00
-0.00
-0.14
-0.08
-0.00
0.14
-0.15
-0.00
0.00
0.00
-0.00
-0.14
-0.07
-0.00
0.14
-0.13
-0.00
0.00
0.00
-0.00
-0.14
-0.06
-0.00
0.14
-0.12
0.00
0.00
0.00
-0.00
-0.58
-0.49
-0.00
3.61
3.35
0.16
0.11
0.00
0.00
0.00
0.00
4.96
4.44
0.00
-0.79
-0.77
-0.00
0.20
-0.36
0.00
-0.20
-0.19
0.00
0.20
-0.39
-0.00
-0.20
-0.21
0.00
0.20
-0.43
0.00
-0.20
-0.23
-0.00
0.20
-0.48
0.00
-0.20
-0.24
-0.00
0.20
-0.48
0.00
-0.20
-0.23
-0.00
0.20
-0.43
0.00
-0.20
-0.21
-0.00
0.20
-0.39
-0.00
-0.20
-0.19
0.00
0.20
-0.36
0.00
-0.79
-0.77
-0.00
4.96
4.44
0.00
0.00
0.00
16.23
14.84
-0.72
0.48
-0.00
-0.00
-2.59
-2.35
0.00
0.64
-0.83
-0.00
0.00
0.00
0.00
-0.64
-0.44
-0.00
0.64
-0.91
0.00
-0.00
-0.00
-0.00
-0.64
-0.48
0.00
0.64
-1.00
0.00
0.00
0.00
-0.00
-0.64
-0.53
-0.00
0.64
-1.10
-0.00
0.00
-0.00
-0.00
-0.64
-0.55
-0.00
0.64
-1.10
-0.00
0.00
-0.00
-0.00
-0.64
-0.53
-0.00
0.64
-1.00
0.00
0.00
0.00
-0.00
-0.64
-0.48
0.00
0.64
-0.91
0.00
-0.00
-0.00
-0.00
-0.64
-0.44
-0.00
0.64
-0.83
-0.00
0.00
0.00
0.00
-2.59
-2.35
-0.00
16.23
14.84
0.72
0.48
-0.00
-0.00
0.00
-0.00
8.12
7.31
-0.00
-1.29
-1.23
0.00
0.32
-0.54
0.00
-0.32
-0.28
0.00
0.32
-0.59
0.00
-0.32
-0.31
0.00
0.32
-0.65
0.00
-0.32
-0.34
-0.00
0.32
-0.71
-0.00
-0.32
-0.36
-0.00
0.32
-0.71
-0.00
-0.32
-0.34
-0.00
0.32
-0.65
0.00
-0.32
-0.31
0.00
0.32
-0.59
0.00
-0.32
-0.28
-0.00
0.32
-0.54
0.00
-1.29
-1.23
-0.00
8.12
7.31
-0.00
-0.00
0.00
16.23
14.84
-0.72
0.48
-0.00
-0.00
-2.59
-2.35
0.00
0.64
-0.83
-0.00
0.00
0.00
0.00
-0.64
-0.44
-0.00
0.64
-0.91
0.00
-0.00
-0.00
-0.00
-0.64
-0.48
0.00
0.64
-1.00
0.00
0.00
0.00
-0.00
-0.64
-0.53
-0.00
0.64
-1.10
-0.00
0.00
-0.00
-0.00
-0.64
-0.55
-0.00
0.64
-1.10
-0.00
0.00
-0.00
-0.00
-0.64
-0.53
-0.00
0.64
-1.00
0.00
0.00
0.00
-0.00
-0.64
-0.48
0.00
0.64
-0.91
0.00
-0.00
-0.00
-0.00
-0.64
-0.44
-0.00
0.64
-0.83
-0.00
0.00
0.00
0.00
-2.59
-2.35
-0.00
16.23
14.84
0.72
0.48
-0.00
-0.00
0.00
-0.00
8.12
7.31
-0.00
-1.29
-1.23
0.00
0.32
-0.54
0.00
-0.32
-0.28
0.00
0.32
-0.59
0.00
-0.32
-0.31
0.00
0.32
-0.65
0.00
-0.32
-0.34
-0.00
0.32
-0.71
-0.00
-0.32
-0.36
-0.00
0.32
-0.71
-0.00
-0.32
-0.34
-0.00
0.32
-0.65
0.00
-0.32
-0.31
0.00
0.32
-0.59
0.00
-0.32
-0.28
-0.00
0.32
-0.54
0.00
-1.29
-1.23
-0.00
8.12
7.31
-0.00
-0.00
0.00
16.23
14.84
-0.72
0.48
-0.00
-0.00
-2.59
-2.35
0.00
0.64
-0.83
-0.00
0.00
0.00
0.00
-0.64
-0.44
-0.00
0.64
-0.91
0.00
-0.00
-0.00
-0.00
-0.64
-0.48
0.00
0.64
-1.00
0.00
0.00
0.00
-0.00
-0.64
-0.53
-0.00
0.64
-1.10
-0.00
0.00
-0.00
-0.00
-0.64
-0.55
-0.00
0.64
-1.10
-0.00
0.00
-0.00
-0.00
-0.64
-0.53
-0.00
0.64
-1.00
0.00
0.00
0.00
-0.00
-0.64
-0.48
0.00
0.64
-0.91
0.00
-0.00
-0.00
-0.00
-0.64
-0.44
-0.00
0.64
-0.83
-0.00
0.00
0.00
0.00
-2.59
-2.35
-0.00
16.23
14.84
0.72
0.48
-0.00
-0.00
0.00
-0.00
8.12
7.31
-0.00
-1.29
-1.23
0.00
0.32
-0.54
0.00
-0.32
-0.28
0.00
0.32
-0.59
0.00
-0.32
-0.31
0.00
0.32
-0.65
0.00
-0.32
-0.34
-0.00
0.32
-0.71
-0.00
-0.32
-0.36
-0.00
0.32
-0.71
-0.00
-0.32
-0.34
-0.00
0.32
-0.65
0.00
-0.32
-0.31
0.00
0.32
-0.59
0.00
-0.32
-0.28
-0.00
0.32
-0.54
0.00
-1.29
-1.23
-0.00
8.12
7.31
-0.00
-0.00
0.00
16.23
14.84
-0.72
0.48
-0.00
-0.00
-2.59
-2.35
0.00
0.64
-0.83
-0.00
0.00
0.00
0.00
-0.64
-0.44
-0.00
0.64
-0.91
0.00
-0.00
-0.00
-0.00
-0.64
-0.48
0.00
0.64
-1.00
0.00
0.00
0.00
-0.00
-0.64
-0.53
-0.00
0.64
-1.10
-0.00
0.00
-0.00
-0.00
-0.64
-0.55
-0.00
0.64
-1.10
-0.00
0.00
-0.00
-0.00
-0.64
-0.53
-0.00
0.64
-1.00
0.00
0.00
0.00
-0.00
-0.64
-0.48
0.00
0.64
-0.91
0.00
-0.00
-0.00
-0.00
-0.64
-0.44
-0.00
0.64
-0.83
-0.00
0.00
0.00
0.00
-2.59
-2.35
-0.00
16.23
14.84
0.72
0.48
-0.00
-0.00
0.00
-0.00
8.12
7.31
-0.00
-1.29
-1.23
0.00
0.32
-0.54
0.00
-0.32
-0.28
0.00
0.32
-0.59
0.00
-0.32
-0.31
0.00
0.32
-0.65
0.00
-0.32
-0.34
-0.00
0.32
-0.71
-0.00
-0.32
-0.36
-0.00
0.32
-0.71
-0.00
-0.32
-0.34
-0.00
0.32
-0.65
0.00
-0.32
-0.31
0.00
0.32
-0.59
0.00
-0.32
-0.28
-0.00
0.32
-0.54
0.00
-1.29
-1.23
-0.00
8.12
7.31
-0.00
-0.00
0.00
16.23
14.84
-0.72
0.48
-0.00
-0.00
-2.59
-2.35
0.00
0.64
-0.83
-0.00
0.00
0.00
0.00
-0.64
-0.44
-0.00
0.64
-0.91
0.00
-0.00
-0.00
-0.00
-0.64
-0.48
0.00
0.64
-1.00
0.00
0.00
0.00
-0.00
-0.64
-0.53
-0.00
0.64
-1.10
-0.00
0.00
-0.00
-0.00
-0.64
-0.55
-0.00
0.64
-1.10
-0.00
0.00
-0.00
-0.00
-0.64
-0.53
-0.00
0.64
-1.00
0.00
0.00
0.00
-0.00
-0.64
-0.48
0.00
0.64
-0.91
0.00
-0.00
-0.00
-0.00
-0.64
-0.44
-0.00
0.64
-0.83
-0.00
0.00
0.00
0.00
-2.59
-2.35
-0.00
16.23
14.84
0.72
0.48
-0.00
-0.00
0.00
-0.00
8.12
7.31
-0.00
-1.29
-1.23
0.00
0.32
-0.54
0.00
-0.32
-0.28
0.00
0.32
-0.59
0.00
-0.32
-0.31
0.00
0.32
-0.65
0.00
-0.32
-0.34
-0.00
0.32
-0.71
-0.00
-0.32
-0.36
-0.00
0.32
-0.71
-0.00
-0.32
-0.34
-0.00
0.32
-0.65
0.00
-0.32
-0.31
0.00
0.32
-0.59
0.00
-0.32
-0.28
-0.00
0.32
-0.54
0.00
-1.29
-1.23
-0.00
8.12
7.31
-0.00
-0.00
0.00
16.23
14.84
-0.72
0.48
-0.00
-0.00
-2.59
-2.35
0.00
0.64
-0.83
-0.00
0.00
0.00
0.00
-0.64
-0.44
-0.00
0.64
-0.91
0.00
-0.00
-0.00
-0.00
-0.64
-0.48
0.00
0.64
-1.00
0.00
0.00
0.00
-0.00
-0.64
-0.53
-0.00
0.64
-1.10
-0.00
0.00
-0.00
-0.00
-0.64
-0.55
-0.00
0.64
-1.10
-0.00
0.00
-0.00
-0.00
-0.64
-0.53
-0.00
0.64
-1.00
0.00
0.00
0.00
-0.00
-0.64
-0.48
0.00
0.64
-0.91
0.00
-0.00
-0.00
-0.00
-0.64
-0.44
-0.00
0.64
-0.83
-0.00
0.00
0.00
0.00
-2.59
-2.35
-0.00
16.23
14.84
0.72
0.48
-0.00
-0.00
0.00
-0.00
8.12
7.31
-0.00
-1.29
-1.23
0.00
0.32
-0.54
0.00
-0.32
-0.28
0.00
0.32
-0.59
0.00
-0.32
-0.31
0.00
0.32
-0.65
0.00
-0.32
-0.34
-0.00
0.32
-0.71
-0.00
-0.32
-0.36
-0.00
0.32
-0.71
-0.00
-0.32
-0.34
-0.00
0.32
-0.65
0.00
-0.32
-0.31
0.00
0.32
-0.59
0.00
-0.32
-0.28
-0.00
0.32
-0.54
0.00
-1.29
-1.23
-0.00
8.12
7.31
-0.00
-0.00
0.00
16.23
14.84
-0.72
0.48
-0.00
-0.00
-2.59
-2.35
0.00
0.64
-0.83
-0.00
0.00
0.00
0.00
-0.64
-0.44
-0.00
0.64
-0.91
0.00
-0.00
-0.00
-0.00
-0.64
-0.48
0.00
0.64
-1.00
0.00
0.00
0.00
-0.00
-0.64
-0.53
-0.00
0.64
-1.10
-0.00
0.00
-0.00
-0.00
-0.64
-0.55
-0.00
0.64
-1.10
-0.00
0.00
-0.00
-0.00
-0.64
-0.53
-0.00
0.64
-1.00
0.00
0.00
0.00
-0.00
-0.64
-0.48
0.00
0.64
-0.91
0.00
-0.00
-0.00
-0.00
-0.64
-0.44
-0.00
0.64
-0.83
-0.00
0.00
0.00
0.00
-2.59
-2.35
-0.00
16.23
14.84
0.72
0.48
-0.00
-0.00
0.00
-0.00
8.12
7.31
-0.00
-1.29
-1.23
0.00
0.32
-0.54
0.00
-0.32
-0.28
0.00
0.32
-0.59
0.00
-0.32
-0.31
0.00
0.32
-0.65
0.00
-0.32
-0.34
-0.00
0.32
-0.71
-0.00
-0.32
-0.36
-0.00
0.32
-0.71
-0.00
-0.32
-0.34
-0.00
0.32
-0.65
0.00
-0.32
-0.31
0.00
0.32
-0.59
0.00
-0.32
-0.28
-0.00
0.32
-0.54
0.00
-1.29
-1.23
-0.00
8.12
7.31
-0.00
-0.00
0.00
16.23
14.84
-0.72
0.48
-0.00
-0.00
-2.59
-2.35
0.00
0.64
-0.83
-0.00
0.00
0.00
0.00
-0.64
-0.44
-0.00
0.64
-0.91
0.00
-0.00
-0.00
-0.00
-0.64
-0.48
0.00
0.64
-1.00
0.00
0.00
0.00
-0.00
-0.64
-0.53
-0.00
0.64
-1.10
-0.00
0.00
-0.00
-0.00
-0.64
-0.55
-0.00
0.64
-1.10
-0.00
0.00
-0.00
-0.00
-0.64
-0.53
-0.00
0.64
-1.00
0.00
0.00
0.00
-0.00
-0.64
-0.48
0.00
0.64
-0.91
0.00
-0.00
-0.00
-0.00
-0.64
-0.44
-0.00
0.64
-0.83
-0.00
0.00
0.00
0.00
-2.59
-2.35
-0.00
16.23
14.84
0.72
0.48
-0.00
-0.00
0.00
-0.00
5.41
4.85
-0.00
-0.86
-0.83
-0.00
0.21
-0.38
0.00
-0.21
-0.20
-0.00
0.21
-0.42
-0.00
-0.21
-0.22
-0.00
0.21
-0.46
-0.00
-0.21
-0.24
-0.00
0.21
-0.51
-0.00
-0.21
-0.26
-0.00
0.21
-0.51
-0.00
-0.21
-0.24
-0.00
0.21
-0.46
-0.00
-0.21
-0.22
-0.00
0.21
-0.42
-0.00
-0.21
-0.20
-0.00
0.21
-0.38
0.00
-0.86
-0.83
-0.00
5.41
4.85
-0.00
-0.00
0.00
5.41
4.99
-0.24
0.16
0.00
0.00
-0.86
-0.76
0.00
0.21
-0.22
0.00
0.00
0.00
-0.00
-0.21
-0.12
0.00
0.21
-0.25
-0.00
0.00
0.00
0.00
-0.21
-0.13
-0.00
0.21
-0.27
-0.00
-0.00
0.00
0.00
-0.21
-0.14
0.00
0.21
-0.30
0.00
0.00
0.00
0.00
-0.21
-0.15
-0.00
0.21
-0.30
0.00
0.00
0.00
0.00
-0.21
-0.14
0.00
0.21
-0.27
-0.00
-0.00
0.00
0.00
-0.21
-0.13
-0.00
0.21
-0.25
-0.00
0.00
0.00
0.00
-0.21
-0.12
-0.00
0.21
-0.22
0.00
0.00
0.00
-0.00
-0.86
-0.76
-0.00
5.41
4.99
0.24
0.16
-0.00
0.00
-0.00
-0.00
2.70
2.39
-0.00
-0.43
-0.44
0.00
0.11
-0.23
-0.00
-0.11
-0.12
0.00
0.11
-0.25
-0.00
-0.11
-0.13
-0.00
0.11
-0.28
0.00
-0.11
-0.15
0.00
0.11
-0.31
0.00
-0.11
-0.15
0.00
0.11
-0.31
0.00
-0.11
-0.15
0.00
0.11
-0.28
0.00
-0.11
-0.13
-0.00
0.11
-0.25
-0.00
-0.11
-0.12
0.00
0.11
-0.23
-0.00
-0.43
-0.44
0.00
2.70
2.39
-0.00
-0.00
0.00
5.41
4.99
-0.24
0.16
0.00
0.00
-0.86
-0.76
0.00
0.21
-0.22
0.00
0.00
0.00
-0.00
-0.21
-0.12
0.00
0.21
-0.25
-0.00
0.00
0.00
0.00
-0.21
-0.13
-0.00
0.21
-0.27
-0.00
-0.00
0.00
0.00
-0.21
-0.14
0.00
0.21
-0.30
0.00
0.00
0.00
0.00
-0.21
-0.15
-0.00
0.21
-0.30
0.00
0.00
0.00
0.00
-0.21
-0.14
0.00
0.21
-0.27
-0.00
-0.00
0.00
0.00
-0.21
-0.13
-0.00
0.21
-0.25
-0.00
0.00
0.00
0.00
-0.21
-0.12
-0.00
0.21
-0.22
0.00
0.00
0.00
-0.00
-0.86
-0.76
-0.00
5.41
4.99
0.24
0.16
-0.00
0.00
-0.00
-0.00
2.70
2.39
-0.00
-0.43
-0.44
0.00
0.11
-0.23
-0.00
-0.11
-0.12
0.00
0.11
-0.25
-0.00
-0.11
-0.13
-0.00
0.11
-0.28
0.00
-0.11
-0.15
0.00
0.11
-0.31
0.00
-0.11
-0.15
0.00
0.11
-0.31
0.00
-0.11
-0.15
0.00
0.11
-0.28
0.00
-0.11
-0.13
-0.00
0.11
-0.25
-0.00
-0.11
-0.12
0.00
0.11
-0.23
-0.00
-0.43
-0.44
0.00
2.70
2.39
-0.00
-0.00
0.00
5.41
4.99
-0.24
0.16
0.00
0.00
-0.86
-0.76
0.00
0.21
-0.22
0.00
0.00
0.00
-0.00
-0.21
-0.12
0.00
0.21
-0.25
-0.00
0.00
0.00
0.00
-0.21
-0.13
-0.00
0.21
-0.27
-0.00
-0.00
0.00
0.00
-0.21
-0.14
0.00
0.21
-0.30
0.00
0.00
0.00
0.00
-0.21
-0.15
-0.00
0.21
-0.30
0.00
0.00
0.00
0.00
-0.21
-0.14
0.00
0.21
-0.27
-0.00
-0.00
0.00
0.00
-0.21
-0.13
-0.00
0.21
-0.25
-0.00
0.00
0.00
0.00
-0.21
-0.12
-0.00
0.21
-0.22
0.00
0.00
0.00
-0.00
-0.86
-0.76
-0.00
5.41
4.99
0.24
0.16
-0.00
0.00
-0.00
-0.00
2.70
2.39
-0.00
-0.43
-0.44
0.00
0.11
-0.23
-0.00
-0.11
-0.12
0.00
0.11
-0.25
-0.00
-0.11
-0.13
-0.00
0.11
-0.28
0.00
-0.11
-0.15
0.00
0.11
-0.31
0.00
-0.11
-0.15
0.00
0.11
-0.31
0.00
-0.11
-0.15
0.00
0.11
-0.28
0.00
-0.11
-0.13
-0.00
0.11
-0.25
-0.00
-0.11
-0.12
0.00
0.11
-0.23
-0.00
-0.43
-0.44
0.00
2.70
2.39
-0.00
-0.00
0.00
5.41
4.99
-0.24
0.16
0.00
0.00
-0.86
-0.76
0.00
0.21
-0.22
0.00
0.00
0.00
-0.00
-0.21
-0.12
0.00
0.21
-0.25
-0.00
0.00
0.00
0.00
-0.21
-0.13
-0.00
0.21
-0.27
-0.00
-0.00
0.00
0.00
-0.21
-0.14
0.00
0.21
-0.30
0.00
0.00
0.00
0.00
-0.21
-0.15
-0.00
0.21
-0.30
0.00
0.00
0.00
0.00
-0.21
-0.14
0.00
0.21
-0.27
-0.00
-0.00
0.00
0.00
-0.21
-0.13
-0.00
0.21
-0.25
-0.00
0.00
0.00
0.00
-0.21
-0.12
-0.00
0.21
-0.22
0.00
0.00
0.00
-0.00
-0.86
-0.76
-0.00
5.41
4.99
0.24
0.16
-0.00
0.00
-0.00
-0.00
5.41
4.85
0.00
-0.86
-0.83
0.00
0.21
-0.38
-0.00
-0.21
-0.20
-0.00
0.21
-0.42
0.00
-0.21
-0.22
0.00
0.21
-0.46
0.00
-0.21
-0.24
-0.00
0.21
-0.51
-0.00
-0.21
-0.26
-0.00
0.21
-0.51
-0.00
-0.21
-0.24
-0.00
0.21
-0.46
0.00
-0.21
-0.22
0.00
0.21
-0.42
0.00
-0.21
-0.20
-0.00
0.21
-0.38
-0.00
-0.86
-0.83
0.00
5.41
4.85
0.00
-0.00
0.00
16.24
14.84
-0.72
0.48
-0.00
0.00
-2.59
-2.35
0.00
0.64
-0.83
-0.00
0.00
0.00
-0.00
-0.64
-0.44
0.00
0.64
-0.91
0.00
-0.00
-0.00
-0.00
-0.64
-0.48
0.00
0.64
-1.00
0.00
-0.00
0.00
-0.00
-0.64
-0.53
0.00
0.64
-1.10
-0.00
0.00
-0.00
-0.00
-0.64
-0.55
-0.00
0.64
-1.10
-0.00
0.00
-0.00
-0.00
-0.64
-0.53
0.00
0.64
-1.00
0.00
-0.00
0.00
-0.00
-0.64
-0.48
0.00
0.64
-0.91
0.00
-0.00
-0.00
-0.00
-0.64
-0.44
0.00
0.64
-0.83
-0.00
0.00
0.00
-0.00
-2.59
-2.35
-0.00
16.24
14.84
0.72
0.48
-0.00
0.00
0.00
-0.00
8.12
7.31
-0.00
-1.29
-1.23
-0.00
0.32
-0.54
-0.00
-0.32
-0.28
0.00
0.32
-0.59
0.00
-0.32
-0.31
0.00
0.32
-0.65
0.00
-0.32
-0.34
0.00
0.32
-0.71
-0.00
-0.32
-0.36
-0.00
0.32
-0.71
-0.00
-0.32
-0.34
-0.00
0.32
-0.65
0.00
-0.32
-0.31
0.00
0.32
-0.59
0.00
-0.32
-0.28
0.00
0.32
-0.54
-0.00
-1.29
-1.23
-0.00
8.12
7.31
-0.00
-0.00
0.00
16.24
14.84
-0.72
0.48
-0.00
0.00
-2.59
-2.35
0.00
0.64
-0.83
-0.00
0.00
0.00
-0.00
-0.64
-0.44
0.00
0.64
-0.91
0.00
-0.00
-0.00
-0.00
-0.64
-0.48
0.00
0.64
-1.00
0.00
-0.00
0.00
-0.00
-0.64
-0.53
0.00
0.64
-1.10
-0.00
0.00
-0.00
-0.00
-0.64
-0.55
-0.00
0.64
-1.10
-0.00
0.00
-0.00
-0.00
-0.64
-0.53
0.00
0.64
-1.00
0.00
-0.00
0.00
-0.00
-0.64
-0.48
0.00
0.64
-0.91
0.00
-0.00
-0.00
-0.00
-0.64
-0.44
0.00
0.64
-0.83
-0.00
0.00
0.00
-0.00
-2.59
-2.35
-0.00
16.24
14.84
0.72
0.48
-0.00
0.00
0.00
-0.00
8.12
7.31
-0.00
-1.29
-1.23
-0.00
0.32
-0.54
-0.00
-0.32
-0.28
0.00
0.32
-0.59
0.00
-0.32
-0.31
0.00
0.32
-0.65
0.00
-0.32
-0.34
0.00
0.32
-0.71
-0.00
-0.32
-0.36
-0.00
0.32
-0.71
-0.00
-0.32
-0.34
-0.00
0.32
-0.65
0.00
-0.32
-0.31
0.00
0.32
-0.59
0.00
-0.32
-0.28
0.00
0.32
-0.54
-0.00
-1.29
-1.23
-0.00
8.12
7.31
-0.00
-0.00
0.00
16.24
14.84
-0.72
0.48
-0.00
0.00
-2.59
-2.35
0.00
0.64
-0.83
-0.00
0.00
0.00
-0.00
-0.64
-0.44
0.00
0.64
-0.91
0.00
-0.00
-0.00
-0.00
-0.64
-0.48
0.00
0.64
-1.00
0.00
-0.00
0.00
-0.00
-0.64
-0.53
0.00
0.64
-1.10
-0.00
0.00
-0.00
-0.00
-0.64
-0.55
-0.00
0.64
-1.10
-0.00
0.00
-0.00
-0.00
-0.64
-0.53
0.00
0.64
-1.00
0.00
-0.00
0.00
-0.00
-0.64
-0.48
0.00
0.64
-0.91
0.00
-0.00
-0.00
-0.00
-0.64
-0.44
0.00
0.64
-0.83
-0.00
0.00
0.00
-0.00
-2.59
-2.35
-0.00
16.24
14.84
0.72
0.48
-0.00
0.00
0.00
-0.00
8.12
7.31
-0.00
-1.29
-1.23
-0.00
0.32
-0.54
-0.00
-0.32
-0.28
0.00
0.32
-0.59
0.00
-0.32
-0.31
0.00
0.32
-0.65
0.00
-0.32
-0.34
0.00
0.32
-0.71
-0.00
-0.32
-0.36
-0.00
0.32
-0.71
-0.00
-0.32
-0.34
-0.00
0.32
-0.65
0.00
-0.32
-0.31
0.00
0.32
-0.59
0.00
-0.32
-0.28
0.00
0.32
-0.54
-0.00
-1.29
-1.23
-0.00
8.12
7.31
-0.00
-0.00
0.00
16.24
14.84
-0.72
0.48
-0.00
0.00
-2.59
-2.35
0.00
0.64
-0.83
-0.00
0.00
0.00
-0.00
-0.64
-0.44
0.00
0.64
-0.91
0.00
-0.00
-0.00
-0.00
-0.64
-0.48
0.00
0.64
-1.00
0.00
-0.00
0.00
-0.00
-0.64
-0.53
0.00
0.64
-1.10
-0.00
0.00
-0.00
-0.00
-0.64
-0.55
-0.00
0.64
-1.10
-0.00
0.00
-0.00
-0.00
-0.64
-0.53
0.00
0.64
-1.00
0.00
-0.00
0.00
-0.00
-0.64
-0.48
0.00
0.64
-0.91
0.00
-0.00
-0.00
-0.00
-0.64
-0.44
0.00
0.64
-0.83
-0.00
0.00
0.00
-0.00
-2.59
-2.35
-0.00
16.24
14.84
0.72
0.48
-0.00
0.00
0.00
-0.00
8.12
7.31
-0.00
-1.29
-1.23
-0.00
0.32
-0.54
-0.00
-0.32
-0.28
0.00
0.32
-0.59
0.00
-0.32
-0.31
0.00
0.32
-0.65
0.00
-0.32
-0.34
0.00
0.32
-0.71
-0.00
-0.32
-0.36
-0.00
0.32
-0.71
-0.00
-0.32
-0.34
-0.00
0.32
-0.65
0.00
-0.32
-0.31
0.00
0.32
-0.59
0.00
-0.32
-0.28
0.00
0.32
-0.54
-0.00
-1.29
-1.23
-0.00
8.12
7.31
-0.00
-0.00
0.00
16.24
14.84
-0.72
0.48
-0.00
0.00
-2.59
-2.35
0.00
0.64
-0.83
-0.00
0.00
0.00
-0.00
-0.64
-0.44
0.00
0.64
-0.91
0.00
-0.00
-0.00
-0.00
-0.64
-0.48
0.00
0.64
-1.00
0.00
-0.00
0.00
-0.00
-0.64
-0.53
0.00
0.64
-1.10
-0.00
0.00
-0.00
-0.00
-0.64
-0.55
-0.00
0.64
-1.10
-0.00
0.00
-0.00
-0.00
-0.64
-0.53
0.00
0.64
-1.00
0.00
-0.00
0.00
-0.00
-0.64
-0.48
0.00
0.64
-0.91
0.00
-0.00
-0.00
-0.00
-0.64
-0.44
0.00
0.64
-0.83
-0.00
0.00
0.00
-0.00
-2.59
-2.35
-0.00
16.24
14.84
0.72
0.48
-0.00
0.00
0.00
-0.00
8.12
7.31
-0.00
-1.29
-1.23
-0.00
0.32
-0.54
-0.00
-0.32
-0.28
0.00
0.32
-0.59
0.00
-0.32
-0.31
0.00
0.32
-0.65
0.00
-0.32
-0.34
0.00
0.32
-0.71
-0.00
-0.32
-0.36
-0.00
0.32
-0.71
-0.00
-0.32
-0.34
-0.00
0.32
-0.65
0.00
-0.32
-0.31
0.00
0.32
-0.59
0.00
-0.32
-0.28
0.00
0.32
-0.54
-0.00
-1.29
-1.23
-0.00
8.12
7.31
-0.00
-0.00
0.00
16.24
14.84
-0.72
0.48
-0.00
0.00
-2.59
-2.35
0.00
0.64
-0.83
-0.00
0.00
0.00
-0.00
-0.64
-0.44
0.00
0.64
-0.91
0.00
-0.00
-0.00
-0.00
-0.64
-0.48
0.00
0.64
-1.00
0.00
-0.00
0.00
-0.00
-0.64
-0.53
0.00
0.64
-1.10
-0.00
0.00
-0.00
-0.00
-0.64
-0.55
-0.00
0.64
-1.10
-0.00
0.00
-0.00
-0.00
-0.64
-0.53
0.00
0.64
-1.00
0.00
-0.00
0.00
-0.00
-0.64
-0.48
0.00
0.64
-0.91
0.00
-0.00
-0.00
-0.00
-0.64
-0.44
0.00
0.64
-0.83
-0.00
0.00
0.00
-0.00
-2.59
-2.35
-0.00
16.24
14.84
0.72
0.48
-0.00
0.00
0.00
-0.00
8.12
7.31
-0.00
-1.29
-1.23
-0.00
0.32
-0.54
-0.00
-0.32
-0.28
0.00
0.32
-0.59
0.00
-0.32
-0.31
0.00
0.32
-0.65
0.00
-0.32
-0.34
0.00
0.32
-0.71
-0.00
-0.32
-0.36
-0.00
0.32
-0.71
-0.00
-0.32
-0.34
-0.00
0.32
-0.65
0.00
-0.32
-0.31
0.00
0.32
-0.59
0.00
-0.32
-0.28
0.00
0.32
-0.54
-0.00
-1.29
-1.23
-0.00
8.12
7.31
-0.00
-0.00
0.00
16.24
14.84
-0.72
0.48
-0.00
0.00
-2.59
-2.35
0.00
0.64
-0.83
-0.00
0.00
0.00
-0.00
-0.64
-0.44
0.00
0.64
-0.91
0.00
-0.00
-0.00
-0.00
-0.64
-0.48
0.00
0.64
-1.00
0.00
-0.00
0.00
-0.00
-0.64
-0.53
0.00
0.64
-1.10
-0.00
0.00
-0.00
-0.00
-0.64
-0.55
-0.00
0.64
-1.10
-0.00
0.00
-0.00
-0.00
-0.64
-0.53
0.00
0.64
-1.00
0.00
-0.00
0.00
-0.00
-0.64
-0.48
0.00
0.64
-0.91
0.00
-0.00
-0.00
-0.00
-0.64
-0.44
0.00
0.64
-0.83
-0.00
0.00
0.00
-0.00
-2.59
-2.35
-0.00
16.24
14.84
0.72
0.48
-0.00
0.00
0.00
-0.00
8.12
7.31
-0.00
-1.29
-1.23
-0.00
0.32
-0.54
-0.00
-0.32
-0.28
0.00
0.32
-0.59
0.00
-0.32
-0.31
0.00
0.32
-0.65
0.00
-0.32
-0.34
0.00
0.32
-0.71
-0.00
-0.32
-0.36
-0.00
0.32
-0.71
-0.00
-0.32
-0.34
-0.00
0.32
-0.65
0.00
-0.32
-0.31
0.00
0.32
-0.59
0.00
-0.32
-0.28
0.00
0.32
-0.54
-0.00
-1.29
-1.23
-0.00
8.12
7.31
-0.00
-0.00
0.00
16.24
14.84
-0.72
0.48
-0.00
0.00
-2.59
-2.35
0.00
0.64
-0.83
-0.00
0.00
0.00
-0.00
-0.64
-0.44
0.00
0.64
-0.91
0.00
-0.00
-0.00
-0.00
-0.64
-0.48
0.00
0.64
-1.00
0.00
-0.00
0.00
-0.00
-0.64
-0.53
0.00
0.64
-1.10
-0.00
0.00
-0.00
-0.00
-0.64
-0.55
-0.00
0.64
-1.10
-0.00
0.00
-0.00
-0.00
-0.64
-0.53
0.00
0.64
-1.00
0.00
-0.00
0.00
-0.00
-0.64
-0.48
0.00
0.64
-0.91
0.00
-0.00
-0.00
-0.00
-0.64
-0.44
0.00
0.64
-0.83
-0.00
0.00
0.00
-0.00
-2.59
-2.35
-0.00
16.24
14.84
0.72
0.48
-0.00
0.00
0.00
0.00
7.29
6.60
-0.00
-1.14
-1.10
-0.00
0.27
-0.46
-0.00
-0.27
-0.24
0.00
0.27
-0.51
-0.00
-0.27
-0.27
-0.00
0.27
-0.56
0.00
-0.27
-0.29
-0.00
0.27
-0.61
-0.00
-0.27
-0.31
-0.00
0.27
-0.61
-0.00
-0.27
-0.29
-0.00
0.27
-0.56
0.00
-0.27
-0.27
0.00
0.27
-0.51
-0.00
-0.27
-0.24
0.00
0.27
-0.46
-0.00
-1.14
-1.10
-0.00
7.29
6.60
-0.00
0.00
0.00
9.75
8.85
-0.41
0.28
0.07
0.00
-1.58
-1.41
0.00
0.43
-0.53
0.00
-0.00
0.00
0.00
-0.43
-0.28
0.00
0.43
-0.58
-0.00
0.00
0.00
0.00
-0.43
-0.30
0.00
0.43
-0.64
0.00
0.00
0.00
0.00
-0.43
-0.33
-0.00
0.43
-0.70
0.00
-0.00
0.00
0.00
-0.43
-0.35
0.00
0.43
-0.70
0.00
-0.00
0.00
0.00
-0.43
-0.33
-0.00
0.43
-0.64
0.00
0.00
0.00
0.00
-0.43
-0.30
0.00
0.43
-0.58
-0.00
0.00
0.00
0.00
-0.43
-0.28
0.00
0.43
-0.53
0.00
-0.00
0.00
0.00
-1.58
-1.41
0.00
9.75
8.85
0.39
0.25
-0.09
0.00
0.00
-0.28
-0.43
-0.00
0.66
0.32
-0.00
-0.19
-0.20
-0.00
0.11
-0.25
-0.00
-0.11
-0.13
-0.00
0.11
-0.28
-0.00
-0.11
-0.14
0.00
0.11
-0.30
0.00
-0.11
-0.16
0.00
0.11
-0.33
-0.00
-0.11
-0.17
-0.00
0.11
-0.33
-0.00
-0.11
-0.16
0.00
0.11
-0.30
0.00
-0.11
-0.15
0.00
0.11
-0.28
-0.00
-0.11
-0.13
-0.00
0.11
-0.25
-0.00
-0.19
-0.20
-0.00
0.66
0.32
0.00
-0.60
-0.46
-0.00


Parallel Run time:  0.1640 ms
