1484352.00
806553152.00
2904206080.00
9829074.00
6387333.00
75457904640.00
1302.00
1703511.75
1076657.88
1666741.25
1261447936.00
-373385.88
1666741.25
1261447936.00
364432.59
1666741.25
1261447936.00
1102251.00
1484352.00
617392128.00
1254406272.00
1355156.25
-2041648.12
6189064704.00
323068.62
-1862043.12
-172957.50
323068.62
-1862043.12
564860.94
323068.62
-1862043.12
1302679.38
1349092.38
-1994808.38
2721106688.00
2096144.88
239704448.00
7451200000.00
1071339.38
696323328.00
-670304.00
-23177.60
462525.16
179604.94
1366945.00
1008160256.00
204126560.00
15256.63
557171.62
232447.80
1023446.44
696431872.00
1312618.00
2154117.00
293443520.00
3315873280.00
2004901.12
-43298.06
6721346048.00
169605.78
-601238.25
-854525.50
834217.12
-23370.06
380560832.00
184033.28
-667227.88
1381728.12
1991821.88
-22970.38
3050685696.00
1848861.00
440424.62
5985064448.00
148797.39
271251.66
-594192.00
813411.75
460352.62
380575200.00
163227.92
205287.56
1179590.25
1835781.75
460752.31
2751167232.00
1582363.50
169182656.00
5173657600.00
383518.91
296395264.00
375564.72
22913.30
4513796.00
-241878.91
820637.06
587494464.00
204309776.00
421593.56
4997896.50
1141915.00
-337182.03
4009656.50
231778.20
1641006.75
254368896.00
2389229824.00
1097097.25
629169.62
4437649408.00
232851.62
935008.75
285522.38
236198.89
839539.50
547315.38
252384.97
692168.19
595622.12
252384.97
692168.19
643928.88
731916.94
559403.00
350452256.00
1013783.00
487415.81
4045615104.00
221743.06
793254.94
392003.00
225090.31
697785.69
619025.62
241276.41
550414.38
597791.75
241276.41
550414.38
576557.88
1005002.62
417649.12
614829056.00
355886.12
3845338.25
-1409100.00
333651.62
4131506.00
-1059279.88
336594.62
4014899.50
-475641.25
352780.72
3867528.00
416974.88
353185.00
3888665.00
1409900.00
1095516.88
3755900.00
1814988928.00
754244.00
-13979252.00
8183368.50
121444.97
4493636.50
1392075.00
1844316.88
4648516.50
3388438528.00
2246400.00
-17233134.00
3381431552.00
433363.78
442846720.00
469709.22
1423419.75
589067392.00
-64880.78
4051478.00
41241080.00
13608677376.00
-4105.83
1582374.50
427255.62
10381.09
1425683.62
596217.94
-923071.12
136190.83
-4105.83
1582374.50
427255.62
1195452.75
-4105.83
1582374.50
427255.62
-4530.84
1473044.12
402619.34
-3291278.25
-3291278.25
-923071.12
5116.63
1585617.12
608012.56
-3291278.25
136190.83
5116.63
1585617.12
608012.56
-3291278.25
1195452.75
5116.63
1585617.12
608012.56
-3291278.25
4317.27
1472523.25
575080.81
-2232016.25
-77770096.00
-11843673.00
5234748.00
1938219264.00
1850136832.00
116254.14
-2232016.25
-1377040.50
1466341.00
1089427584.00
1844741.00
-2232016.25
136190.83
-1657608.88
-47364472.00
11257090.00
8167651328.00
1851098880.00
130822.55
-2232016.25
1498099.12
1475706.75
1089430144.00
-452246.12
-2232016.25
74448736.00
-14469084.00
5924960.00
2368890624.00
1852053248.00
116254.14
-862276.12
-15931362.00
80595.72
856407.62
1019752.25
629362112.00
303397.38
-862276.12
-1020116.62
-862276.12
149071.48
-2856981.00
79911.62
856638.56
1021218.00
518265824.00
338593.75
-862276.12
1201340.88
-862276.12
10211253.00
80595.72
856407.62
1019752.25
407149856.00
303397.38
0.00
-15931362.00
34855.40
856407.62
630959.56
629362112.00
303397.38
0.00
-775384.75
0.00
153219.72
-2856981.00
34171.31
856638.56
632425.25
518265824.00
338593.75
0.00
988963.75
0.00
10211253.00
34855.40
856407.62
630959.56
407149856.00
303397.38
556348.19
646984.38
228419952.00
337464832.00
556348.19
-639328.94
459798.25
400145472.00
1154437.00
556348.19
-375299.31
556348.19
152760.02
864393.06
799835392.00
278015840.00
556348.19
680819.31
556348.19
856811.88
348180544.00
218420992.00
921031.00
168461.34
90938.28
1597753.12
921031.00
-505786.50
141187.11
398243.09
1254746.00
921031.00
-287236.81
138874.80
302773.88
1150840.75
921031.00
149862.67
160316.20
134265.41
808887.62
921031.00
586962.12
155060.91
155402.53
373255.25
921031.00
159680.97
21171.59
308.06
1161748.50
168461.34
-297854.44
1597753.12
1161748.50
-405627.44
146846.66
9450.44
1413213.75
1161748.50
-221847.98
144130.09
-107155.94
1197680.38
1161748.50
145710.81
160316.20
-254527.31
808887.62
1161748.50
513269.62
160316.20
-254527.31
420094.97
1161748.50
159680.97
-367621.12
308.06
1558320.75
5429068.00
7373988352.00
8564.79
-910372.75
1297210.88
188635.16
5734907.50
-1502594.50
146846.66
-379342.38
1413213.75
186322.84
5639438.00
-782718.25
144130.09
-495948.81
1197680.38
202508.94
5492067.00
498690.75
160316.20
-643320.00
808887.62
202508.94
5492067.00
1780099.50
160316.20
-643320.00
420094.97
1964260.50
5359301.50
1109440768.00
159680.97
-756413.81
308.06
1736640.00
16952034.00
3904018432.00
3001.91
-19703346.00
10794463.00
564688.19
516692.91
690658.06
214232.34
6715317.00
1959704.38
165975.78
-1190580.38
420095.00
875620.38
6640710.50
983366144.00
159680.97
-1145206.50
308.06
1555604.25
7863960.50
1792611072.00
154237.00
-24075984.00
-7085503.50
686532.50
599438720.00
800461.06
1240432.75
800602304.00
324158.31
836587.50
294756224.00
292812032.00
-23177.60
462525.16
179604.94
1751443.00
1242713600.00
293256832.00
61026.53
646680.06
158467.80
916078.50
360143872.00
293647360.00
161675.12
-27172096.00
1843295.50
160746.25
-27177024.00
-476308.69
160285.44
521978.38
28370592.00
160316.25
524909.81
28378656.00
160285.44
521978.38
28370592.00
165340.56
502306.94
28415648.00
165571.56
503772.66
28425504.00
165340.56
502306.94
28415648.00
-4993531.00
-6184352.50
25629304832.00
8953.69
64361504.00
86625440.00
1736.21
656736.19
158467.80
140782.84
117033120.00
1794776.38
168459.31
225107328.00
26950592.00
-112714.36
778396.81
158467.80
165744.81
120454656.00
-33011168.00
8953.66
2197975.25
2164653.50
141187.09
2709334.00
1895085.25
138874.81
2613864.75
1660564.75
160316.22
2445356.50
1057381.38
155060.91
2466493.75
360518.50
159680.97
2332262.75
-273659.12
8445.89
1519585.88
2065233.88
147678.95
2047659.00
2053553.00
144130.12
1942704.75
1707404.38
160316.22
1795333.50
1057381.38
160316.22
1795333.50
407358.22
159680.97
1682239.75
-273659.12
93298200.00
-9061621.00
22169833472.00
-2005031.62
-2005031.62
-1055479.00
168288.06
734085.12
-841855.12
8780.38
878257.62
1749190.00
376456.56
268070.62
435184.44
-2005031.62
-525847.88
303637.81
846712.69
688022.25
144130.12
1292681.62
1707404.38
443823.84
1156734.50
767226.25
-2005031.62
533414.06
281484.19
399911.44
630354.00
160316.22
1145310.38
1057381.38
-2005031.62
1592676.00
160316.22
1145310.38
407358.22
-2005031.62
159680.97
1032216.50
-273659.12
225764.69
-28323322.00
2276149248.00
142020.80
2163734.50
281980.19
325483.47
1802347.50
162755.69
325887.72
1755508.00
342360.66
219487.66
-28441.44
1780396.88
166380.03
1505023.50
335634.94
-945769.62
1592676.00
165975.78
336819.38
407358.19
-945769.62
159680.97
1450088.50
-366519.56
159680.97
382193.38
-273659.12
113492.34
678081.00
1786944.38
8680197.00
181291.88
169086048.00
1198229.25
191787.88
225535744.00
362734.72
170330.00
-8408544.00
73544768.00
154473.00
-35068800.00
13498912.00
143516.00
-10424704.00
-46559104.00
-43114916.00
123341656.00
31265898496.00
2167.50
3692287.50
1466638.25
1238.61
3687335.75
-303065.22
777.72
2848371.50
1993749.25
808.52
2851303.00
701775.88
777.72
2848371.50
-606343.25
5443.98
2159005.25
1942316.50
6063.83
2180142.50
748615.62
5832.84
2178676.75
-561287.75
325483.47
3349902.00
678736.12
159911.97
3652951.75
596873.50
168288.06
2150207.00
311935.81
300697.31
3772347.50
542034.19
303637.81
3655741.25
678736.19
160316.22
3606112.00
776478.50
159680.97
3493018.25
745484.25
328237.88
3466508.50
701491.25
303637.81
3655741.25
678736.19
319823.91
3508369.75
678736.19
319188.66
3395276.00
647742.00
328065.72
3502025.75
616304.38
319619.81
3476944.50
576961.50
319015.38
3369568.50
551253.88
186215.94
2216159.25
270650.81
1736.21
656736.19
158467.80
3525.06
1758353.75
1607456.75
8951.59
1835208.00
811909.62
-112714.36
778396.81
158467.80
6237.09
1628962.50
-540150.62
9184.64
1108330.75
1765924.50
-20632.89
1318700.75
1372936.12
808.52
1150192.25
769752.75
-4446.80
1171329.25
72889.91
173.28
1037098.38
-561287.75
8780.38
437170.47
1665615.62
-15377.58
647540.38
1419775.88
808.52
500169.03
769752.75
808.52
500169.03
119729.62
173.28
387075.25
-561287.75
1291925.62
-13198165.00
-21116124.00
1166367.25
1676570.50
-21129318.00
852451.25
2628096.25
-11487010.00
296687.53
263205.38
-435869.44
213423.84
29717.38
699997.75
907200.00
9891545.00
-11571560.00
1153248.00
10646838.00
-1868282.00
348547.09
1208375.12
-43569.12
351490.09
1091768.75
623392.62
881280.00
909374.50
244760256.00
1166367.25
20064348.00
-1984476.00
852451.25
19131780.00
7657834.00
299404.06
2498335.75
114898.69
351490.09
2151030.75
623392.62
1709048.12
1870894.25
483873792.00
907200.00
164010224.00
7573284.00
813167.25
382291008.00
-27684.56
1124207.25
600971264.00
501946.50
1736640.00
674281600.00
244573936.00
885267.69
509871808.00
838360.75
-945769.62
-525847.94
-21441.41
2044894.50
337103.09
165975.78
336819.38
1707404.50
6468.08
-308321.84
1419775.88
-945769.62
533414.06
2508.07
378392.94
0.00
2462085.25
265960.28
0.00
159507.72
362521.94
935935.25
808.52
-149854.06
769752.75
808.52
-149854.06
119729.62
173.28
-262947.88
-561287.75
8799.77
-73561.97
229143.38
-10122.25
2203362.00
495570.88
9184.62
1967289.75
537845.19
-18320.59
2273129.00
379377.41
-10122.25
2203362.00
495570.88
8780.38
-73561.97
228600.20
-12661.03
2273129.00
537845.19
-15377.56
2156522.50
516708.00
808.53
2009151.25
516708.06
518573.31
6419978.00
8777940.00
26722.50
3308903.50
488141.94
-132672.19
4993860.50
463699.81
72978.23
4508873.00
558323.81
481818.19
11953851.00
8681451.00
202892.97
3947156.50
27858.12
113492.34
1592676.12
166380.03
-212894.69
428495.38
6872.33
-858036.12
140866.78
159680.97
-267829.75
-273659.06
173.28
-912971.06
-561287.75
4825707.00
334119.28
1728000.00
4536.75
3244802304.00
31992.00
21784.17
1988139.50
910600.62
32280.19
2263669.00
75106.12
10822.38
3719313.25
1942316.50
-5034.58
3685543.25
648306.62
-15991.70
3670006.00
-657775.88
165571.53
-334340.81
1607095.62
159911.97
-107896.25
877776.38
163032.75
-846620.56
1245062.25
144130.12
-657387.94
1057381.38
160316.22
-804759.06
407358.22
159680.97
-917852.94
-273659.06
8780.38
1621141.12
586112.94
144130.12
-1307411.00
1057381.38
160316.22
-1454782.25
407358.22
159680.97
-1567876.00
-273659.06
165556.12
-2288662.25
955606.69
160112.12
-2136230.50
305583.50
159507.69
-2243606.50
-370147.19
-1465410.12
142862.88
-19523712.00
1736.21
656736.19
158467.80
-112714.36
778396.81
158467.80
113492.34
-525847.94
113492.34
533414.06
1172754.38
3783.09
1172754.38
533414.06
1172754.38
2232016.25
3783.09
2232016.25
533414.06
2232016.25
3783.09
533414.06
62818576.00
1008790.12
6063.83
413424.53
481401.41
6063.83
639869.06
560573.19
4825707.00
-1933526.25
1728000.00
4539828.00
3244802304.00
31992.00
4514145.50
-4201171.50
979200.00
9075120.00
1742295296.00
31992.00
6872.33
534870.62
602847.50
173.28
479935.69
550716.12
3622655.00
-38198.45
1555200.00
707968.88
1639795712.00
28792.80
388.86
409172.50
321467.91
6279.41
633832.88
560573.19
3120.81
530030.88
344070.75
-15377.58
740400.75
581710.38
808.52
593029.44
581710.38
173.28
479935.66
550716.12
6468.08
434561.62
581710.38
808.52
593029.44
581710.38
173.28
479935.66
550716.12
6048.42
409172.53
479935.66
604.44
561604.06
479935.69
0.00
454227.97
454228.03
3622655.00
-38198.45
1555200.00
707968.88
1639795712.00
28792.80
1919173.50
254688.02
1503360.00
398225472.00
818924544.00
28792.80
416138.62
416138.62


Parallel Run time:  0.0465 ms
