34.00
7.00
3.00
10.00
6.00
7.00
8.00
0.00
28.00
10.00
24.00
0.00
131.00
29.00
31.00
253.00
18.00
18.00
19.00
40.00
71.00
175.00
82.00
143.00
0.00
52.00
54.00
57.00
30.00
30.00
64.00
0.00
34.00
35.00
70.00
74.00
37.00
78.00
0.00
81.00
0.00
289.00
86.00
90.00
46.00
0.00
144.00
48.00
99.00
0.00
51.00
247.00
54.00
0.00
165.00
56.00
116.00
0.00
254.00
121.00
0.00
62.00
128.00
127.00
0.00
66.00
139.00
0.00
69.00
142.00
137.00
1063.00
0.00
149.00
76.00
251.00
77.00
322.00
158.00
80.00
162.00
165.00
84.00
321.00
346.00
106.00
87.00
267.00
89.00
211.00
314.00
93.00
0.00
378.00
95.00
194.00
98.00
0.00
100.00
202.00
0.00
200.00
103.00
262.00
0.00
183.00
479.00
108.00
220.00
111.00
0.00
379.00
113.00
114.00
116.00
338.00
117.00
284.00
239.00
757.00
405.00
566.00
247.00
125.00
126.00
200.00
492.00
0.00
421.00
0.00
355.00
509.00
134.00
135.00
136.00
0.00
274.00
138.00
139.00
420.00
0.00
373.00
33.00
374.00
503.00
0.00
147.00
483.00
149.00
150.00
305.00
0.00
634.00
153.00
352.00
157.00
0.00
317.00
0.00
322.00
177.00
324.00
332.00
0.00
165.00
334.00
168.00
165.00
169.00
339.00
171.00
516.00
345.00
175.00
175.00
529.00
358.00
357.00
180.00
237.00
574.00
183.00
0.00
616.00
408.00
60.00
515.00
0.00
190.00
190.00
192.00
192.00
222.00
388.00
196.00
397.00
617.00
398.00
200.00
0.00
443.00
611.00
0.00
432.00
204.00
413.00
248.00
0.00
592.00
0.00
437.00
213.00
213.00
434.00
0.00
216.00
673.00
218.00
436.00
221.00
182.00
740.00
458.00
234.00
419.00
227.00
205.00
379.00
386.00
231.00
0.00
232.00
707.00
329.00
474.00
237.00
238.00
239.00
240.00
0.00
484.00
0.00
606.00
406.00
491.00
0.00
247.00
744.00
250.00
0.00
501.00
252.00
253.00
509.00
256.00
257.00
258.00
259.00
259.00
1074.00
0.00
876.00
263.00
264.00
265.00
267.00
534.00
269.00
330.00
270.00
543.00
272.00
561.00
274.00
551.00
0.00
613.00
557.00
280.00
327.00
281.00
585.00
567.00
854.00
0.00
866.00
0.00
615.00
290.00
581.00
0.00
878.00
294.00
0.00
591.00
297.00
816.00
0.00
608.00
582.00
302.00
633.00
911.00
335.00
305.00
621.00
0.00
618.00
0.00
2593.00
580.00
942.00
326.00
1655.00
0.00
316.00
638.00
299.00
638.00
655.00
322.00
317.00
594.00
325.00
974.00
0.00
1149.00
658.00
0.00
864.00
648.00
1926.00
1599.00
669.00
611.00
337.00
675.00
678.00
678.00
682.00
342.00
0.00
343.00
344.00
692.00
346.00
1044.00
726.00
350.00
702.00
703.00
704.00
354.00
726.00
355.00
719.00
746.00
757.00
1098.00
361.00
0.00
362.00
364.00
365.00
365.00
733.00
368.00
736.00
370.00
1383.00
742.00
760.00
0.00
748.00
756.00
376.00
378.00
758.00
0.00
1459.00
744.00
386.00
767.00
385.00
746.00
759.00
1131.00
0.00
779.00
366.00
761.00
784.00
394.00
789.00
395.00
844.00
795.00
399.00
399.00
844.00
803.00
417.00
807.00
405.00
405.00
1313.00
1231.00
408.00
824.00
411.00
416.00
825.00
414.00
414.00
416.00
1240.00
839.00
839.00
839.00
421.00
422.00
0.00
1277.00
0.00
425.00
883.00
428.00
1287.00
430.00
878.00
1295.00
890.00
425.00
1727.00
0.00
1309.00
438.00
891.00
886.00
881.00
887.00
431.00
1785.00
0.00
892.00
0.00
1819.00
0.00
450.00
450.00
452.00
905.00
0.00
910.00
456.00
404.00
914.00
917.00
919.00
461.00
464.00
925.00
926.00
1406.00
0.00
932.00
1598.00
937.00
470.00
470.00
1429.00
945.00
484.00
474.00
1448.00
936.00
506.00
966.00
0.00
480.00
962.00
482.00
484.00
0.00
971.00
950.00
1928.00
489.00
2060.00
472.00
1455.00
1004.00
987.00
485.00
1487.00
0.00
498.00
499.00
0.00
1756.00
503.00
1504.00
504.00
1283.00
685.00
981.00
1015.00
509.00
509.00
1046.00
511.00
512.00
513.00
514.00
1545.00
1032.00
517.00
519.00
0.00
1044.00
1047.00
1870.00
524.00
525.00
526.00
527.00
528.00
566.00
1060.00
0.00
1069.00
543.00
1069.00
1663.00
563.00
536.00
1071.00
538.00
1079.00
541.00
564.00
1601.00
0.00
1089.00
1102.00
0.00
1616.00
548.00
1100.00
550.00
552.00
553.00
550.00
555.00
1102.00
1652.00
567.00
1116.00
1685.00
517.00
1129.00
0.00
564.00
539.00
1089.00
1624.00
0.00
2717.00
2106.00
1158.00
571.00
1189.00
573.00
1807.00
1151.00
1185.00
1733.00
579.00
580.00
1769.00
1224.00
582.00
583.00
584.00
586.00
586.00
1765.00
1220.00
590.00
643.00
1218.00
1185.00
607.00
1177.00
596.00
1193.00
598.00
1189.00
1198.00
1201.00
1249.00
0.00
604.00
584.00
1211.00
0.00
607.00
3027.00
1217.00
0.00
1224.00
613.00
0.00
1230.00
616.00
628.00
1262.00
1255.00
619.00
1862.00
0.00
623.00
1244.00
0.00
1252.00
627.00
1275.00
1257.00
630.00
1279.00
631.00
1868.00
634.00
635.00
0.00
1277.00
1877.00
1289.00
644.00
1280.00
642.00
643.00
0.00
1277.00
645.00
1300.00
609.00
1297.00
650.00
2720.00
1154.00
653.00
1271.00
655.00
656.00
0.00
1315.00
659.00
1318.00
2129.00
662.00
663.00
663.00
1993.00
1332.00
666.00
1334.00
668.00
669.00
2263.00
1343.00
673.00
3415.00
690.00
675.00
1352.00
678.00
1357.00
679.00
1400.00
681.00
1390.00
683.00
684.00
1533.00
686.00
1521.00
688.00
689.00
691.00
0.00
1384.00
693.00
1564.00
748.00
2089.00
2095.00
0.00
1409.00
701.00
702.00
703.00
703.00
2948.00
1450.00
706.00
1503.00
1375.00
2838.00
710.00
1426.00
1536.00
757.00
715.00
2145.00
716.00
2315.00
719.00
833.00
1442.00
0.00
723.00
724.00
725.00
726.00
0.00
1460.00
1521.00
1466.00
1465.00
1463.00
0.00
1468.00
734.00
1472.00
736.00
1479.00
1477.00
1479.00
1581.00
742.00
0.00
1106.00
2276.00
745.00
3056.00
0.00
1438.00
0.00
750.00
2514.00
752.00
1507.00
2403.00
755.00
1531.00
2314.00
1657.00
0.00
1569.00
1523.00
1527.00
1581.00
2145.00
1555.00
1544.00
1536.00
0.00
1542.00
1542.00
0.00
773.00
880.00
1547.00
2225.00
777.00
807.00
779.00
1559.00
844.00
1627.00
1566.00
0.00
1635.00
785.00
1492.00
788.00
814.00
790.00
790.00
1590.00
792.00
794.00
794.00
2414.00
905.00
1655.00
0.00
1599.00
1642.00
818.00
1606.00
0.00
805.00
1610.00
2440.00
2430.00
1702.00
0.00
1639.00
812.00
812.00
1683.00
1629.00
815.00
1633.00
3876.00
819.00
0.00
821.00
821.00
3371.00
4300.00
0.00
1651.00
2437.00
828.00
1602.00
2471.00
0.00
1741.00
833.00
1621.00
848.00
1739.00
684.00
1675.00
1683.00
781.00
1634.00
1616.00
842.00
1501.00
692.00
845.00
1709.00
1633.00
1528.00
1699.00
1760.00
1710.00
1774.00
1707.00
855.00
855.00
857.00
858.00
0.00
2385.00
1705.00
2484.00
810.00
863.00
2630.00
1732.00
866.00
868.00
0.00
869.00
3506.00
1748.00
872.00
874.00
2619.00
1633.00
875.00
878.00
879.00
0.00
881.00
1773.00
1766.00
0.00
1708.00
2444.00
1777.00
815.00
1789.00
1800.00
1783.00
1717.00
893.00
2535.00
895.00
1783.00
1793.00
898.00
899.00
0.00
1801.00
1595.00
1827.00
0.00
1810.00
0.00
1814.00
789.00
2659.00
843.00
2733.00
1680.00
2738.00
0.00
1830.00
818.00
1834.00
918.00
0.00
1838.00
921.00
1590.00
0.00
1847.00
1406.00
926.00
2585.00
928.00
929.00
930.00
931.00
932.00
0.00
1866.00
2802.00
1971.00
1921.00
1875.00
1997.00
2901.00
0.00
2824.00
0.00
943.00
1888.00
945.00
1965.00
1903.00
1928.00
0.00
950.00
951.00
1989.00
1907.00
3832.00
955.00
2869.00
1916.00
959.00
0.00
2882.00
0.00
963.00
963.00
1928.00
1965.00
1969.00
2001.00
1938.00
0.00
1940.00
2017.00
1945.00
973.00
975.00
976.00
2966.00
2973.00
0.00
1952.00
1961.00
0.00
1964.00
2021.00
1990.00
986.00
1984.00
987.00
2065.00
989.00
990.00
3180.00
0.00
993.00
3040.00
0.00
996.00
3109.00
2004.00
1000.00
1000.00
4055.00
1033.00
3074.00
0.00
1005.00
2014.00
0.00
1008.00
4038.00
1011.00
0.00
2024.00
4005.00
2393.00
1067.00
1016.00
1017.00
1018.00
3127.00
0.00
1021.00
3082.00
2047.00
0.00
2057.00
0.00
4212.00
2058.00
1031.00
2062.00
1031.00
1033.00
3106.00
1034.00
3178.00
1037.00
1039.00
1990.00
0.00
1040.00
2084.00
993.00
1043.00
2109.00
1046.00
3141.00
2028.00
0.00
1050.00
1051.00
1052.00
1053.00
1069.00
1055.00
1055.00
1057.00
1057.00
4456.00
4263.00
1061.00
1074.00
1063.00
3218.00
1043.00
2934.00
1067.00
2083.00
3147.00
1070.00
1018.00
2144.00
1084.00
1074.00
0.00
1075.00
4125.00
2156.00
7329.00
1080.00
0.00
2163.00
2061.00
2167.00
1073.00
1086.00
2174.00
3106.00
3057.00
2109.00
0.00
3050.00
1079.00
2188.00
1049.00
1096.00
3247.00
2044.00
2220.00
2225.00
2214.00
1101.00
2205.00
1103.00
4420.00
0.00
1107.00
1108.00
1109.00
1110.00
1131.00
1111.00
1112.00
1113.00
1114.00
2237.00
2624.00
3354.00
0.00
2239.00
0.00
1121.00
3006.00
0.00
3374.00
0.00
2240.00
0.00
3358.00
1122.00
2262.00
1112.00
1132.00
2320.00
1135.00
1135.00
2273.00
1137.00
1138.00
1139.00
2299.00
2284.00
0.00
1143.00
3432.00
1146.00
0.00
3442.00
1149.00
0.00
2308.00
2303.00
0.00
3480.00
2309.00
2311.00
1157.00
2314.00
2317.00
1160.00
2336.00
1161.00
3494.00
1164.00
0.00
2332.00
1138.00
2344.00
1168.00
2347.00
2343.00
2309.00
3528.00
1139.00
3522.00
2320.00
2353.00
0.00
3843.00
1180.00
1148.00
1181.00
5007.00
3533.00
1185.00
0.00
2355.00
2375.00
0.00
1190.00
1191.00
1192.00
1193.00
1194.00
3595.00
1195.00
2394.00
1198.00
1200.00
2399.00
1200.00
1202.00
2402.00
2407.00
1205.00
2417.00
2419.00
2415.00
0.00
2425.00
2436.00
1212.00
2443.00
3642.00
1215.00
2434.00
1217.00
1218.00
1219.00
1219.00
2452.00
1221.00
3671.00
2597.00
1225.00
3660.00
1227.00
2456.00
0.00
1230.00
2453.00
0.00
2476.00
2518.00
2469.00
1239.00
1236.00
2474.00
2478.00
0.00
1240.00
2485.00
0.00
2479.00
2488.00
2491.00
0.00
2539.00
1248.00
2522.00
1251.00
0.00
2519.00
2507.00
3761.00
2512.00
0.00
1257.00
1258.00
1259.00
2550.00
1261.00
2526.00
0.00
2530.00
0.00
1266.00
1268.00
2546.00
0.00
2234.00
3824.00
1272.00
2548.00
0.00
1276.00
1276.00
2548.00
1249.00
3825.00
2537.00
2570.00
2566.00
0.00
3848.00
0.00
3809.00
2547.00
2566.00
0.00
2549.00
2554.00
0.00
1293.00
2590.00
1296.00
2590.00
1297.00
2659.00
5267.00
1300.00
2646.00
2605.00
1303.00
3960.00
1305.00
2614.00
1308.00
2657.00
2645.00
1310.00
2645.00
2661.00
2627.00
1314.00
4002.00
3985.00
2635.00
1319.00
1320.00
2641.00
1351.00
1323.00
1323.00
1324.00
1325.00
1326.00
2676.00
0.00
2658.00
2661.00
1332.00
1333.00
0.00
4017.00
0.00
2673.00
0.00
4017.00
1324.00
2705.00
0.00
2668.00
2681.00
2694.00
4040.00
0.00
2694.00
1349.00
1349.00
1350.00
2703.00
2703.00
1353.00
1355.00
1354.00
2714.00
2733.00
2718.00
0.00
1361.00
2722.00
1363.00
1363.00
4072.00
1366.00
1367.00
1340.00
2747.00
2742.00
4048.00
4057.00
1357.00
4124.00
0.00
1376.00
5398.00
2693.00
4102.00
1310.00
4084.00
1381.00
2765.00
1384.00
1384.00
4156.00
1387.00
1388.00
1411.00
1389.00
2780.00
1391.00
2786.00
1394.00
1395.00
0.00
2792.00
2794.00
2797.00
1400.00
0.00
2820.00
2805.00
0.00
2809.00
4569.00
1407.00
2814.00
2843.00
4234.00
1411.00
1411.00
2827.00
0.00
2828.00
1416.00
0.00
1417.00
4292.00
1427.00
2845.00
5710.00
0.00
1424.00
2875.00
1438.00
4289.00
2877.00
0.00
2858.00
2865.00
4147.00
0.00
2877.00
2875.00
0.00
2873.00
2835.00
2889.00
2855.00
0.00
2847.00
2894.00
2883.00
4305.00
2836.00
4285.00
1399.00
1449.00
1449.00
1451.00
0.00
4292.00
1453.00
1454.00
4367.00
1456.00
5612.00
2982.00
2919.00
1461.00
1462.00
1462.00
2928.00
1465.00
1465.00
5277.00
2935.00
2947.00
1469.00
4072.00
2943.00
1473.00
2955.00
5968.00
0.00
2953.00
1478.00
0.00
2630.00
3020.00
1480.00
1483.00
1483.00
2987.00
0.00
2973.00
1498.00
1488.00
3042.00
2983.00
2675.00
2992.00
2987.00
1489.00
4485.00
0.00
3009.00
1499.00
0.00
3011.00
1501.00
3005.00
1504.00
1505.00
0.00
1507.00
1476.00
4130.00
3026.00
2636.00
2991.00
3091.00
4473.00
3030.00
1516.00
0.00
3056.00
1518.00
1519.00
3041.00
1522.00
1522.00
3048.00
0.00
3052.00
3054.00
1528.00
1529.00
1530.00
0.00
3062.00
3065.00
4620.00
0.00
1536.00
1536.00
3085.00
3083.00
1539.00
3082.00
1542.00
1559.00
3102.00
0.00
4653.00
3098.00
4619.00
3103.00
0.00
3101.00
0.00
1553.00
1554.00
0.00
3110.00
4259.00
1557.00
1559.00
1559.00
1561.00
4465.00
1520.00
3127.00
0.00
3613.00
3133.00
1568.00
1568.00
1569.00
1571.00
1569.00
4718.00
0.00
1575.00
1574.00
3155.00
0.00
1578.00
4290.00
1580.00
1581.00
1582.00
1584.00
3168.00
1586.00
1586.00
3177.00
1889.00
1589.00
1591.00
1590.00
3185.00
3175.00
1922.00
0.00
3192.00
1597.00
3181.00
1599.00
3204.00
1602.00
1603.00
4812.00
1605.00
1605.00
3893.00
3216.00
0.00
3219.00
1611.00
1611.00
3208.00


Parallel Run time:  0.0906 ms
