1.00
1.00
1.00
1.00
-0.90
-0.36
1.00
1.00
1.00
1.00
0.21
1.58
1.55
1.18
1.00
1.00
3.87
4.34
1.00
0.08
0.08
-0.87
0.55
1.00
1.00
-1.64
0.86
2.03
1.88
1.00
1.00
3.59
3.67
-0.20
0.13
-0.00
0.01
0.37
1.00
1.00
-1.22
1.76
3.64
0.33
1.00
1.00
5.97
4.49
-0.20
0.13
-0.00
-0.36
-3.60
1.00
1.00
0.30
0.65
2.29
-6.26
1.00
1.00
8.38
4.18
-0.20
0.13
-0.00
1.00
1.00
1.00
1.00
2.21
3.59
1.00
1.00
1.00
1.00
13.65
14.22
0.00
0.14
0.14
1.00
1.00
-0.73
-0.71
1.00
1.00
0.52
0.46
-1.35
-0.66
0.43
2.21
-0.20
-0.00
0.13
-1.51
1.02
-2.04
0.30
-2.01
1.98
-3.47
1.29
0.00
-0.00
-0.00
-0.99
1.55
-2.33
2.86
-0.84
2.18
-3.00
4.53
0.00
-0.00
-0.00
-0.26
-0.51
-1.06
1.58
0.25
-3.46
-0.22
2.73
0.00
-0.00
-0.00
1.00
1.00
2.43
5.53
1.00
1.00
5.70
9.38
0.20
-0.00
0.13
1.00
1.00
0.26
-1.80
1.00
1.00
1.25
-0.14
-0.92
-2.90
1.30
0.23
-0.20
-0.00
0.13
-1.80
0.15
-1.21
-2.68
-3.44
1.69
-4.41
-2.10
0.00
-0.00
-0.00
-1.79
2.41
-4.31
3.80
-3.11
4.04
-6.90
6.04
0.00
-0.00
-0.00
-1.54
1.73
-2.10
3.15
-0.62
0.74
-4.06
5.78
0.00
-0.00
-0.00
1.00
1.00
0.47
6.91
1.00
1.00
2.75
12.05
0.20
-0.00
0.13
1.00
1.00
0.69
-1.68
1.00
1.00
1.56
0.64
0.73
-3.69
2.84
0.22
-0.20
-0.00
0.13
3.00
-1.94
3.47
-4.00
0.02
-2.73
2.08
-6.82
0.00
-0.00
-0.00
-1.69
-0.49
2.69
-2.76
-7.19
5.92
-6.80
2.33
0.00
-0.00
-0.00
-7.73
6.27
-13.00
6.84
-1.47
3.73
-9.18
10.69
0.00
-0.00
-0.00
1.00
1.00
-9.45
10.18
1.00
1.00
-1.60
15.42
0.20
-0.00
0.13
1.00
1.00
1.00
1.00
1.00
1.00
1.00
1.00
2.43
-0.09
5.66
4.56
0.00
0.14
0.14
1.00
1.00
1.00
1.00
5.41
-2.25
7.82
-2.65
0.20
0.13
-0.00
1.00
1.00
1.00
1.00
8.87
-1.38
13.96
-3.05
0.20
0.13
0.00
1.00
1.00
1.00
1.00
-3.32
5.94
6.61
-2.44
0.20
0.13
0.00
1.00
1.00
1.00
1.00
1.00
1.00
-9.97
22.44
0.33
0.08
0.08


Parallel Run time:  0.0373 ms
